Description=Synthetic type:abc, p:50, n:5, r:0, s:1
UUID=d9e2b239-69fe-4ae9-9abb-dc7fe7ca33b6
Format_Version=1.0

// Metadata
M=3
Elements=A,B,C
N=15
Composition=CA,CB,CC

// Deposition/Composition data
CA=0.000,0.000,0.000,0.000,0.000,0.250,0.250,0.250,0.250,0.500,0.500,0.500,0.750,0.750,1.000
CB=0.000,0.250,0.500,0.750,1.000,0.000,0.250,0.500,0.750,0.000,0.250,0.500,0.000,0.250,0.000
CC=1.000,0.750,0.500,0.250,0.000,0.750,0.500,0.250,0.000,0.500,0.250,0.000,0.250,0.000,0.000

//Integrated counts data
Q=15.000,15.100,15.200,15.300,15.400,15.500,15.600,15.700,15.800,15.900,16.000,16.100,16.200,16.300,16.400,16.500,16.600,16.700,16.800,16.900,17.000,17.100,17.200,17.300,17.400,17.500,17.600,17.700,17.800,17.900,18.000,18.100,18.200,18.300,18.400,18.500,18.600,18.700,18.800,18.900,19.000,19.100,19.200,19.300,19.400,19.500,19.600,19.700,19.800,19.900,20.000,20.100,20.200,20.300,20.400,20.500,20.600,20.700,20.800,20.900,21.000,21.100,21.200,21.300,21.400,21.500,21.600,21.700,21.800,21.900,22.000,22.100,22.200,22.300,22.400,22.500,22.600,22.700,22.800,22.900,23.000,23.100,23.200,23.300,23.400,23.500,23.600,23.700,23.800,23.900,24.000,24.100,24.200,24.300,24.400,24.500,24.600,24.700,24.800,24.900,25.000,25.100,25.200,25.300,25.400,25.500,25.600,25.700,25.800,25.900,26.000,26.100,26.200,26.300,26.400,26.500,26.600,26.700,26.800,26.900,27.000,27.100,27.200,27.300,27.400,27.500,27.600,27.700,27.800,27.900,28.000,28.100,28.200,28.300,28.400,28.500,28.600,28.700,28.800,28.900,29.000,29.100,29.200,29.300,29.400,29.500,29.600,29.700,29.800,29.900,30.000,30.100,30.200,30.300,30.400,30.500,30.600,30.700,30.800,30.900,31.000,31.100,31.200,31.300,31.400,31.500,31.600,31.700,31.800,31.900,32.000,32.100,32.200,32.300,32.400,32.500,32.600,32.700,32.800,32.900,33.000,33.100,33.200,33.300,33.400,33.500,33.600,33.700,33.800,33.900,34.000,34.100,34.200,34.300,34.400,34.500,34.600,34.700,34.800,34.900,35.000,35.100,35.200,35.300,35.400,35.500,35.600,35.700,35.800,35.900,36.000,36.100,36.200,36.300,36.400,36.500,36.600,36.700,36.800,36.900,37.000,37.100,37.200,37.300,37.400,37.500,37.600,37.700,37.800,37.900,38.000,38.100,38.200,38.300,38.400,38.500,38.600,38.700,38.800,38.900,39.000,39.100,39.200,39.300,39.400,39.500,39.600,39.700,39.800,39.900,40.000,40.100,40.200,40.300,40.400,40.500,40.600,40.700,40.800,40.900,41.000,41.100,41.200,41.300,41.400,41.500,41.600,41.700,41.800,41.900,42.000,42.100,42.200,42.300,42.400,42.500,42.600,42.700,42.800,42.900,43.000,43.100,43.200,43.300,43.400,43.500,43.600,43.700,43.800,43.900,44.000,44.100,44.200,44.300,44.400,44.500,44.600,44.700,44.800,44.900,45.000,45.100,45.200,45.300,45.400,45.500,45.600,45.700,45.800,45.900,46.000,46.100,46.200,46.300,46.400,46.500,46.600,46.700,46.800,46.900,47.000,47.100,47.200,47.300,47.400,47.500,47.600,47.700,47.800,47.900,48.000,48.100,48.200,48.300,48.400,48.500,48.600,48.700,48.800,48.900,49.000,49.100,49.200,49.300,49.400,49.500,49.600,49.700,49.800,49.900,50.000,50.100,50.200,50.300,50.400,50.500,50.600,50.700,50.800,50.900,51.000,51.100,51.200,51.300,51.400,51.500,51.600,51.700,51.800,51.900,52.000,52.100,52.200,52.300,52.400,52.500,52.600,52.700,52.800,52.900,53.000,53.100,53.200,53.300,53.400,53.500,53.600,53.700,53.800,53.900,54.000,54.100,54.200,54.300,54.400,54.500,54.600,54.700,54.800,54.900,55.000,55.100,55.200,55.300,55.400,55.500,55.600,55.700,55.800,55.900,56.000,56.100,56.200,56.300,56.400,56.500,56.600,56.700,56.800,56.900,57.000,57.100,57.200,57.300,57.400,57.500,57.600,57.700,57.800,57.900,58.000,58.100,58.200,58.300,58.400,58.500,58.600,58.700,58.800,58.900,59.000,59.100,59.200,59.300,59.400,59.500,59.600,59.700,59.800,59.900,60.000,60.100,60.200,60.300,60.400,60.500,60.600,60.700,60.800,60.900,61.000,61.100,61.200,61.300,61.400,61.500,61.600,61.700,61.800,61.900,62.000,62.100,62.200,62.300,62.400,62.500,62.600,62.700,62.800,62.900,63.000,63.100,63.200,63.300,63.400,63.500,63.600,63.700,63.800,63.900,64.000,64.100,64.200,64.300,64.400,64.500,64.600,64.700,64.800,64.900,65.000,65.100,65.200,65.300,65.400,65.500,65.600,65.700,65.800,65.900,66.000,66.100,66.200,66.300,66.400,66.500,66.600,66.700,66.800,66.900,67.000,67.100,67.200,67.300,67.400,67.500,67.600,67.700,67.800,67.900,68.000,68.100,68.200,68.300,68.400,68.500,68.600,68.700,68.800,68.900,69.000,69.100,69.200,69.300,69.400,69.500,69.600,69.700,69.800,69.900,70.000,70.100,70.200,70.300,70.400,70.500,70.600,70.700,70.800,70.900,71.000,71.100,71.200,71.300,71.400,71.500,71.600,71.700,71.800,71.900,72.000,72.100,72.200,72.300,72.400,72.500,72.600,72.700,72.800,72.900,73.000,73.100,73.200,73.300,73.400,73.500,73.600,73.700,73.800,73.900,74.000,74.100,74.200,74.300,74.400,74.500,74.600,74.700,74.800,74.900,75.000,75.100,75.200,75.300,75.400,75.500,75.600,75.700,75.800,75.900,76.000,76.100,76.200,76.300,76.400,76.500,76.600,76.700,76.800,76.900,77.000,77.100,77.200,77.300,77.400,77.500,77.600,77.700,77.800,77.900,78.000,78.100,78.200,78.300,78.400,78.500,78.600,78.700,78.800,78.900,79.000,79.100,79.200,79.300,79.400,79.500,79.600,79.700,79.800,79.900
I1=0.000000,0.000000,0.000000,0.000000,0.000000,0.000000,0.000000,0.000000,0.000000,0.000000,0.000000,0.000000,0.000000,0.000000,0.000000,0.000000,0.000000,0.000000,0.000000,0.000000,0.000000,0.000000,0.000000,0.000000,0.000000,0.000000,0.000000,0.000000,0.000000,0.000000,0.000000,0.000000,0.000000,0.000000,0.000000,0.000000,0.000000,0.000000,0.000000,0.000000,0.000000,0.000000,0.000000,0.000000,0.000000,0.000000,0.000000,0.000000,0.000000,0.000000,0.000000,0.000000,0.000000,0.000000,0.000000,0.000000,0.000000,0.000000,0.000000,0.000000,0.000000,0.000000,0.000000,0.000000,0.000000,0.000000,0.000000,0.000000,0.000000,0.000000,0.000000,0.000000,0.000000,0.000000,0.000000,0.000000,0.000000,0.000000,0.000000,0.000000,0.000000,0.000000,0.000000,0.000000,0.000000,0.000000,0.000000,0.000000,0.000000,0.000000,0.000000,0.000000,0.000000,0.000000,0.000000,0.000000,0.000000,0.000000,0.000000,0.000000,0.000002,0.000005,0.000015,0.000047,0.000134,0.000373,0.000993,0.002542,0.006252,0.014775,0.033546,0.073180,0.153382,0.308870,0.597608,1.110900,1.984114,3.404759,5.613456,8.892220,13.533528,19.789898,27.803797,37.531029,48.675404,60.653069,72.614952,83.527100,92.311577,98.019928,100.000000,98.019852,92.311577,83.527100,72.614731,60.653069,48.675179,37.531029,27.803797,19.789761,13.533528,8.892146,5.613456,3.404759,1.984092,1.110900,0.597601,0.308870,0.153383,0.073182,0.033553,0.014794,0.006304,0.002678,0.001338,0.001209,0.002085,0.004417,0.009422,0.019460,0.038660,0.073807,0.135384,0.238599,0.404011,0.657281,1.027394,1.542947,2.226348,3.086459,4.111109,5.261187,6.469046,7.642302,8.674287,9.459587,9.911498,9.977803,9.650682,8.968298,8.007387,6.869109,5.661548,4.483295,3.411080,2.493533,1.751326,1.181792,0.766200,0.477287,0.285657,0.164263,0.090751,0.048172,0.024570,0.012044,0.005684,0.002611,0.001247,0.000825,0.001120,0.002398,0.005598,0.012828,0.028342,0.060195,0.122841,0.240865,0.453766,0.821314,1.428285,2.386432,3.831067,5.909052,8.756631,12.467663,17.055399,22.416695,28.307968,34.345543,40.036938,44.841492,48.253510,49.889038,49.557487,47.297935,43.371437,38.211296,32.344997,26.305931,20.555544,15.432386,11.131664,7.714621,5.136929,3.286407,2.020077,1.192982,0.676905,0.369028,0.193294,0.097277,0.047034,0.021850,0.009753,0.004182,0.001723,0.000682,0.000259,0.000095,0.000033,0.000011,0.000004,0.000001,0.000000,0.000000,0.000000,0.000000,0.000000,0.000000,0.000000,0.000000,0.000000,0.000000,0.000000,0.000000,0.000000,0.000000,0.000000,0.000000,0.000000,0.000000,0.000000,0.000000,0.000000,0.000000,0.000000,0.000000,0.000000,0.000000,0.000000,0.000000,0.000000,0.000000,0.000000,0.000000,0.000000,0.000000,0.000001,0.000002,0.000007,0.000019,0.000052,0.000136,0.000345,0.000836,0.001951,0.004370,0.009407,0.019455,0.038659,0.073806,0.135384,0.238601,0.404015,0.657281,1.027386,1.542947,2.226362,3.086477,4.111109,5.261187,6.469046,7.642302,8.674287,9.459587,9.911498,9.977803,9.650682,8.968298,8.007387,6.869063,5.661548,4.483339,3.411080,2.493533,1.751301,1.181792,0.766213,0.477287,0.285657,0.164259,0.090751,0.048173,0.024568,0.012039,0.005668,0.002564,0.001114,0.000465,0.000187,0.000072,0.000027,0.000009,0.000003,0.000001,0.000000,0.000000,0.000000,0.000000,0.000000,0.000000,0.000000,0.000000,0.000000,0.000000,0.000000,0.000000,0.000000,0.000000,0.000000,0.000000,0.000000,0.000000,0.000000,0.000000,0.000000,0.000000,0.000000,0.000000,0.000000,0.000000,0.000000,0.000000,0.000000,0.000000,0.000000,0.000000,0.000000,0.000000,0.000001,0.000004,0.000012,0.000037,0.000108,0.000298,0.000794,0.002034,0.005002,0.011820,0.026837,0.058545,0.122706,0.247096,0.478086,0.888720,1.587308,2.723807,4.490765,7.113776,10.826822,15.832026,22.243038,30.024822,38.940323,48.522453,58.092136,66.821678,73.849266,78.415939,80.000000,78.415825,73.849266,66.821678,58.091782,48.522453,38.939964,30.024822,22.243038,15.831809,10.826822,7.113657,4.490765,2.723807,1.587274,0.888720,0.478075,0.247096,0.122706,0.058544,0.026837,0.011820,0.005002,0.002034,0.000794,0.000298,0.000108,0.000037,0.000012,0.000004,0.000001,0.000000,0.000000,0.000000,0.000000,0.000000,0.000000,0.000000,0.000000,0.000000,0.000000,0.000000,0.000000,0.000000,0.000000,0.000000,0.000000,0.000000,0.000000,0.000000,0.000001,0.000003,0.000008,0.000024,0.000067,0.000180,0.000467,0.001163,0.002785,0.006409,0.014169,0.030097,0.061421,0.120430,0.226881,0.410659,0.714175,1.193311,1.915767,2.955199,4.380119,6.238484,8.538841,11.233875,14.210546,17.293043,20.264151,22.902464,25.034195,26.587099,27.635283,28.421862,29.347675,30.923565,33.685627,38.088089,44.388847,52.548805,62.181313,72.548004,82.641975,91.326477,97.516678,100.374519,99.453545,94.780624,86.839165,76.472076,64.713974,52.623241,41.116383,30.866503,22.264780,15.429811,10.274155,6.572978,4.040092,2.386070,1.353842,0.738074,0.386600,0.194552,0.094086,0.043738,0.019613,0.008663,0.004241,0.003398,0.005521,0.012010,0.026904,0.058569,0.122709,0.247105,0.478087,0.888720,1.587342,2.723753,4.490847,7.113776,10.826822,15.832243,22.242767,30.025146,38.940323,48.522453,58.092491,66.821373,73.849487,78.415939,80.000000,78.415703,73.849487,66.821373,58.091782,48.522453,38.939610,30.025146,22.242767,15.831809,10.826822,7.113539,4.490847,2.723753,1.587274,0.888720,0.478063,0.247102,0.122702,0.058544,0.026837,0.011819,0.005002,0.002033,0.000794,0.000298,0.000107,0.000037,0.000012,0.000004,0.000001,0.000000,0.000000,0.000000,0.000000,0.000000,0.000000,0.000000,0.000000,0.000000,0.000000,0.000000,0.000000,0.000000,0.000000,0.000000,0.000000,0.000000,0.000000,0.000000,0.000000,0.000000,0.000000,0.000000,0.000000,0.000000,0.000000,0.000000,0.000000,0.000000,0.000000,0.000000,0.000000,0.000000,0.000000,0.000000,0.000000,0.000000,0.000000,0.000000,0.000000,0.000000,0.000000,0.000000,0.000000,0.000000,0.000000,0.000000,0.000000,0.000000,0.000000,0.000000,0.000000,0.000000,0.000000,0.000000,0.000000,0.000000,0.000000,0.000000,0.000000,0.000000,0.000000,0.000000,0.000000,0.000000,0.000000,0.000000,0.000000,0.000000
I2=0.000000,0.000000,0.000000,0.000000,0.000000,0.000000,0.000000,0.000000,0.000000,0.000000,0.000000,0.000000,0.000000,0.000000,0.000000,0.000000,0.000000,0.000000,0.000000,0.000000,0.000000,0.000000,0.000000,0.000000,0.000000,0.000000,0.000000,0.000000,0.000000,0.000000,0.000000,0.000000,0.000000,0.000000,0.000000,0.000000,0.000000,0.000000,0.000000,0.000000,0.000000,0.000000,0.000000,0.000000,0.000000,0.000000,0.000000,0.000000,0.000000,0.000000,0.000000,0.000000,0.000000,0.000000,0.000000,0.000000,0.000000,0.000000,0.000000,0.000000,0.000000,0.000000,0.000000,0.000000,0.000000,0.000000,0.000000,0.000000,0.000000,0.000000,0.000000,0.000000,0.000000,0.000000,0.000000,0.000000,0.000000,0.000000,0.000000,0.000000,0.000000,0.000000,0.000000,0.000000,0.000000,0.000000,0.000000,0.000000,0.000000,0.000000,0.000000,0.000000,0.000000,0.000000,0.000000,0.000000,0.000000,0.000000,0.000000,0.000000,0.000001,0.000004,0.000012,0.000035,0.000101,0.000279,0.000745,0.001906,0.004689,0.011081,0.025160,0.054885,0.115036,0.231653,0.448206,0.833175,1.488085,2.553569,4.210092,6.669165,10.150146,14.842423,20.852848,28.148270,36.506554,45.489799,54.461212,62.645325,69.233681,73.514946,75.000000,73.514885,69.233681,62.645325,54.461048,45.489799,36.506386,28.148270,20.852848,14.842321,10.150146,6.669110,4.210092,2.553569,1.488069,0.833175,0.448201,0.231653,0.115037,0.054886,0.025165,0.011095,0.004728,0.002009,0.001003,0.000907,0.001564,0.003312,0.007067,0.014595,0.028995,0.055355,0.101538,0.178949,0.303009,0.492961,0.770546,1.157210,1.669761,2.314844,3.083332,3.945890,4.851784,5.731727,6.505715,7.094690,7.433623,7.483353,7.238012,6.726224,6.005541,5.151833,4.246165,3.362483,2.558343,1.870243,1.313743,0.886979,0.576213,0.361659,0.222629,0.141492,0.106409,0.113349,0.167829,0.286758,0.500286,0.853148,1.404325,2.223674,3.384222,4.949239,6.955147,9.392479,12.190108,15.208413,18.245813,21.062424,23.418289,25.120968,26.071213,26.294806,25.951195,25.313467,24.721155,24.514015,24.960400,26.195278,28.181841,30.706596,33.411083,35.854176,37.593498,38.267963,37.664173,35.751266,32.678226,28.736324,24.298655,19.751436,15.433432,11.596278,8.388657,5.863821,4.002347,2.742623,2.011114,1.745938,1.911072,2.499827,3.528353,5.020398,6.986225,9.399245,12.176166,15.166404,18.154976,20.882286,23.078159,24.505053,25.000025,24.504990,23.077896,20.881678,18.153683,15.163267,12.168851,9.382757,6.950865,4.947440,3.383382,2.223055,1.403364,0.851173,0.496023,0.277725,0.149402,0.077218,0.038344,0.018295,0.008387,0.003694,0.001563,0.000635,0.000248,0.000093,0.000034,0.000012,0.000004,0.000001,0.000000,0.000000,0.000000,0.000000,0.000000,0.000000,0.000000,0.000000,0.000001,0.000002,0.000005,0.000014,0.000039,0.000102,0.000258,0.000627,0.001463,0.003278,0.007055,0.014591,0.028994,0.055354,0.101538,0.178951,0.303012,0.492961,0.770539,1.157210,1.669772,2.314858,3.083332,3.945890,4.851784,5.731727,6.505715,7.094690,7.433623,7.483353,7.238012,6.726224,6.005541,5.151797,4.246161,3.362504,2.558310,1.870149,1.313476,0.886344,0.574660,0.357965,0.214243,0.123194,0.068063,0.036130,0.018426,0.009029,0.004251,0.001923,0.000836,0.000349,0.000140,0.000055,0.000024,0.000019,0.000036,0.000094,0.000248,0.000636,0.001563,0.003694,0.008387,0.018295,0.038345,0.077218,0.149402,0.277725,0.496034,0.851190,1.403364,2.223055,3.383382,4.947508,6.950949,9.382757,12.168851,15.163267,18.153793,20.881775,23.077894,24.504982,25.000000,24.504944,23.077894,20.881775,18.153683,15.163267,12.168739,9.382757,6.950949,4.947441,3.383383,2.223021,1.403373,0.851218,0.496104,0.277949,0.149994,0.078743,0.042097,0.027160,0.028514,0.047603,0.093592,0.185957,0.358813,0.666633,1.190515,2.042867,3.368077,5.335333,8.120117,11.874020,16.682278,22.518616,29.205242,36.391838,43.569103,50.116261,55.386948,58.811958,60.000000,58.811867,55.386948,50.116261,43.568836,36.391838,29.204973,22.518616,16.682278,11.873857,8.120117,5.335243,3.368073,2.042855,1.190455,0.666540,0.358556,0.185322,0.092029,0.043908,0.020130,0.008872,0.003773,0.001586,0.000757,0.000637,0.001097,0.002429,0.005461,0.011895,0.024925,0.050193,0.097111,0.180521,0.322422,0.553273,0.912203,1.444986,2.199198,3.215880,4.518117,6.098858,7.909753,9.856123,11.799965,13.573153,15.000677,15.928238,16.250000,15.928214,15.000632,13.573092,11.799899,9.856141,7.909730,6.098927,4.518412,3.216709,2.201287,1.449769,0.922813,0.575835,0.368480,0.270844,0.267270,0.358185,0.560555,0.906875,1.442276,2.218800,3.286106,4.679276,6.404292,8.425466,10.657931,12.969790,15.198115,17.176847,18.775648,19.940325,20.726461,21.316397,22.010757,23.192675,25.264221,28.566065,33.291634,39.411602,46.635983,54.410999,61.981483,68.494865,73.137512,75.280891,74.590157,71.085472,65.129379,57.354061,48.535484,39.467430,30.837288,23.149876,16.698586,11.572358,7.705616,4.929734,3.030069,1.789553,1.015383,0.553561,0.289967,0.145960,0.070689,0.033121,0.015492,0.008344,0.007374,0.011696,0.023314,0.047617,0.094879,0.182796,0.340044,0.610932,1.060261,1.778069,2.882252,4.516544,6.843678,10.026825,14.204699,19.456301,25.759754,32.961624,40.748058,48.652050,56.084309,62.396294,66.975632,69.337921,69.217178,66.615608,61.809879,55.302113,47.739372,39.803844,32.113255,25.146713,19.199135,14.387630,10.675925,7.924516,5.942836,4.531914,3.517410,2.763855,2.178087,1.703500,1.309671,0.982491,0.715338,0.503641,0.342106,0.223829,0.140932,0.085342,0.049681,0.027800,0.014949,0.007725,0.003835,0.001830,0.000839,0.000369,0.000156,0.000064,0.000025,0.000009,0.000003,0.000001,0.000000,0.000000,0.000000,0.000000,0.000000,0.000000,0.000000,0.000000,0.000000,0.000000,0.000000,0.000000,0.000000,0.000000,0.000000,0.000000,0.000000,0.000000,0.000000,0.000000,0.000000,0.000000,0.000000,0.000000,0.000000,0.000000,0.000000,0.000000,0.000000,0.000000,0.000000,0.000000,0.000000,0.000000,0.000000,0.000000,0.000000,0.000000,0.000000,0.000000,0.000000,0.000000,0.000000,0.000000,0.000000,0.000000,0.000000,0.000000,0.000000,0.000000,0.000000,0.000000,0.000000,0.000000,0.000000,0.000000,0.000000,0.000000,0.000000,0.000000
I3=0.000000,0.000000,0.000000,0.000000,0.000000,0.000000,0.000000,0.000000,0.000000,0.000000,0.000000,0.000000,0.000000,0.000000,0.000000,0.000000,0.000000,0.000000,0.000000,0.000000,0.000000,0.000000,0.000000,0.000000,0.000000,0.000000,0.000000,0.000000,0.000000,0.000000,0.000000,0.000000,0.000000,0.000000,0.000000,0.000000,0.000000,0.000000,0.000000,0.000000,0.000000,0.000000,0.000000,0.000000,0.000000,0.000000,0.000000,0.000000,0.000000,0.000000,0.000000,0.000000,0.000000,0.000000,0.000000,0.000000,0.000000,0.000000,0.000000,0.000000,0.000000,0.000000,0.000000,0.000000,0.000000,0.000000,0.000000,0.000000,0.000000,0.000000,0.000000,0.000000,0.000000,0.000000,0.000000,0.000000,0.000000,0.000000,0.000000,0.000000,0.000000,0.000000,0.000000,0.000000,0.000000,0.000000,0.000000,0.000000,0.000000,0.000000,0.000000,0.000000,0.000000,0.000000,0.000000,0.000000,0.000000,0.000000,0.000000,0.000000,0.000001,0.000002,0.000008,0.000023,0.000067,0.000186,0.000496,0.001271,0.003126,0.007388,0.016773,0.036590,0.076691,0.154435,0.298804,0.555450,0.992057,1.702379,2.806728,4.446110,6.766764,9.894949,13.901898,18.765514,24.337702,30.326534,36.307476,41.763550,46.155788,49.009964,50.000000,49.009926,46.155788,41.763550,36.307365,30.326534,24.337589,18.765514,13.901898,9.894880,6.766764,4.446073,2.806728,1.702379,0.992046,0.555450,0.298800,0.154435,0.076691,0.036591,0.016776,0.007397,0.003152,0.001339,0.000669,0.000605,0.001042,0.002208,0.004711,0.009730,0.019330,0.036903,0.067692,0.119299,0.202006,0.328641,0.513697,0.771474,1.113174,1.543230,2.055554,2.630593,3.234523,3.821151,4.337143,4.729794,4.955749,4.988902,4.825341,4.484149,4.003695,3.434557,2.830782,2.241671,1.705607,1.246953,0.876160,0.592167,0.386226,0.246031,0.159602,0.118721,0.122067,0.178525,0.311089,0.561472,0.994888,1.703685,2.807403,4.446523,6.767324,9.896080,13.904697,18.772129,24.351873,30.356630,36.368786,41.883984,46.382812,49.420620,50.714142,50.203178,48.071323,44.717880,40.685680,36.560364,32.865402,29.973862,28.055714,27.067652,26.785234,26.866859,26.933491,26.646889,25.770857,24.204603,21.985020,19.261354,16.252314,13.196942,10.311318,7.760170,5.645649,4.013021,2.867765,2.198840,2.002152,2.298894,3.145239,4.630627,6.863412,9.943519,13.925415,18.776642,24.342579,30.328625,36.308228,41.763889,46.156059,49.010010,50.000015,49.009968,46.155788,41.763355,36.307365,30.326534,24.337702,18.765514,13.901730,9.894880,6.766764,4.446110,2.806728,1.702346,0.992046,0.555450,0.298804,0.154435,0.076689,0.036590,0.016773,0.007388,0.003126,0.001271,0.000496,0.000186,0.000067,0.000023,0.000008,0.000002,0.000001,0.000000,0.000000,0.000000,0.000000,0.000000,0.000000,0.000000,0.000000,0.000001,0.000003,0.000009,0.000026,0.000068,0.000172,0.000418,0.000975,0.002185,0.004704,0.009728,0.019329,0.036903,0.067692,0.119301,0.202008,0.328641,0.513693,0.771474,1.113181,1.543239,2.055554,2.630593,3.234523,3.821151,4.337143,4.729794,4.955749,4.988902,4.825341,4.484149,4.003694,3.434532,2.830774,2.241669,1.705540,1.246766,0.875651,0.590896,0.383107,0.238643,0.142828,0.082130,0.045376,0.024086,0.012284,0.006019,0.002834,0.001282,0.000557,0.000233,0.000094,0.000038,0.000021,0.000028,0.000069,0.000187,0.000497,0.001271,0.003126,0.007388,0.016773,0.036591,0.076691,0.154435,0.298804,0.555450,0.992067,1.702379,2.806728,4.446110,6.766764,9.895017,13.901898,18.765514,24.337702,30.326534,36.307587,41.763550,46.155788,49.009964,50.000000,49.009888,46.155788,41.763550,36.307365,30.326534,24.337479,18.765514,13.901898,9.894880,6.766765,4.446038,2.806734,1.702398,0.992100,0.555599,0.299194,0.155452,0.079192,0.042500,0.030192,0.036660,0.064479,0.124819,0.239540,0.444546,0.793721,1.361927,2.245390,3.556890,5.413412,7.916013,11.121519,15.012411,19.470161,24.261227,29.046068,33.410839,36.924633,39.207970,40.000000,39.207912,36.924633,33.410839,29.045891,24.261227,19.469982,15.012411,11.121519,7.915905,5.413411,3.556829,2.245382,1.361904,0.793637,0.444360,0.239037,0.123548,0.061353,0.029273,0.013424,0.005925,0.002545,0.001138,0.000720,0.000975,0.002086,0.004821,0.010909,0.023786,0.049850,0.100386,0.194223,0.361042,0.644844,1.106547,1.824407,2.889971,4.398396,6.431761,9.036234,12.197716,15.819506,19.712246,23.599930,27.146307,30.001354,31.856476,32.500000,31.856428,30.001263,27.146183,23.599791,19.712257,15.819394,12.197674,9.036358,6.432254,4.399789,2.893128,1.831458,1.121573,0.675540,0.421258,0.307659,0.305712,0.406935,0.620439,0.968786,1.482401,2.192092,3.120068,4.269743,5.617059,7.105317,8.646537,10.132080,11.451234,12.517098,13.293550,13.817641,14.210931,14.673838,15.461782,16.842813,19.044044,22.194424,26.274403,31.090656,36.274002,41.320988,45.663239,48.758339,50.187260,49.726772,47.390312,43.419582,38.236038,32.356987,26.311621,20.558191,15.433251,11.132390,7.714906,5.137077,3.286489,2.020046,1.193036,0.676925,0.369049,0.193334,0.097369,0.047291,0.022505,0.011370,0.008025,0.010507,0.019994,0.041107,0.083224,0.162854,0.307022,0.557378,0.974759,1.642434,2.667417,4.177163,6.309335,9.196508,12.939873,17.582575,23.080359,29.276743,35.898102,42.555794,48.781654,54.076126,57.971214,60.101776,60.259888,58.434361,54.815514,49.770271,43.782860,37.386963,31.085239,25.286900,20.268282,16.155502,12.943451,10.525027,8.735493,7.394826,6.340074,5.447546,4.638990,3.878110,3.159898,2.496640,1.906439,1.403840,0.995464,0.679211,0.445625,0.281069,0.170385,0.099255,0.055564,0.029885,0.015445,0.007669,0.003659,0.001677,0.000739,0.000313,0.000127,0.000050,0.000019,0.000007,0.000002,0.000001,0.000000,0.000000,0.000000,0.000000,0.000000,0.000000,0.000000,0.000000,0.000000,0.000000,0.000000,0.000000,0.000000,0.000000,0.000000,0.000000,0.000000,0.000000,0.000000,0.000000,0.000000,0.000000,0.000000,0.000000,0.000000,0.000000,0.000000,0.000000,0.000000,0.000000,0.000000,0.000000,0.000000,0.000000,0.000000,0.000000,0.000000,0.000000,0.000000,0.000000,0.000000,0.000000,0.000000,0.000000,0.000000,0.000000,0.000000,0.000000,0.000000,0.000000,0.000000,0.000000,0.000000,0.000000,0.000000,0.000000,0.000000,0.000000,0.000000
I4=0.000000,0.000000,0.000000,0.000000,0.000000,0.000000,0.000000,0.000000,0.000000,0.000000,0.000000,0.000000,0.000000,0.000000,0.000000,0.000000,0.000000,0.000000,0.000000,0.000000,0.000000,0.000000,0.000000,0.000000,0.000000,0.000000,0.000000,0.000000,0.000000,0.000000,0.000000,0.000000,0.000000,0.000000,0.000000,0.000000,0.000000,0.000000,0.000000,0.000000,0.000000,0.000000,0.000000,0.000000,0.000000,0.000000,0.000000,0.000000,0.000000,0.000000,0.000000,0.000000,0.000000,0.000000,0.000000,0.000000,0.000000,0.000000,0.000000,0.000000,0.000000,0.000000,0.000000,0.000000,0.000000,0.000000,0.000000,0.000000,0.000000,0.000000,0.000000,0.000000,0.000000,0.000000,0.000000,0.000000,0.000000,0.000000,0.000000,0.000000,0.000000,0.000000,0.000000,0.000000,0.000000,0.000000,0.000000,0.000000,0.000000,0.000000,0.000000,0.000000,0.000000,0.000000,0.000000,0.000000,0.000000,0.000000,0.000000,0.000000,0.000000,0.000001,0.000004,0.000012,0.000034,0.000093,0.000248,0.000635,0.001563,0.003694,0.008387,0.018295,0.038345,0.077218,0.149402,0.277725,0.496028,0.851190,1.403364,2.223055,3.383382,4.947474,6.950949,9.382757,12.168851,15.163267,18.153738,20.881775,23.077894,24.504982,25.000000,24.504963,23.077894,20.881775,18.153683,15.163267,12.168795,9.382757,6.950949,4.947440,3.383382,2.223037,1.403364,0.851190,0.496023,0.277725,0.149400,0.077218,0.038346,0.018295,0.008388,0.003698,0.001576,0.000670,0.000334,0.000302,0.000521,0.001104,0.002356,0.004865,0.009665,0.018452,0.033846,0.059650,0.101003,0.164320,0.256849,0.385737,0.556587,0.771615,1.027777,1.315297,1.617261,1.910576,2.168572,2.364897,2.477875,2.494451,2.412671,2.242075,2.001848,1.717281,1.415399,1.120859,0.852871,0.623663,0.438576,0.297354,0.196239,0.130403,0.096574,0.095950,0.137724,0.243702,0.454348,0.836186,1.489490,2.554222,4.210481,6.669372,10.150427,14.842921,20.854246,28.151781,36.513638,45.504848,54.491756,62.705540,69.347336,73.720276,75.357071,74.111557,70.191444,64.122299,56.650208,48.606716,40.770405,33.752441,27.929586,23.428707,20.159382,17.879541,16.273479,15.025813,13.877542,12.657938,11.291810,9.786383,8.205972,6.642448,5.189205,3.924062,2.902642,2.162220,1.733183,1.655056,1.993189,2.851850,4.379406,6.761426,10.198471,14.866640,20.864607,28.154037,36.508991,45.490845,54.461479,62.645496,69.233963,73.514969,75.000008,73.514946,69.233681,62.645035,54.461048,45.489799,36.506554,28.148270,20.852594,14.842321,10.150146,6.669165,4.210092,2.553519,1.488069,0.833175,0.448206,0.231653,0.115033,0.054885,0.025160,0.011081,0.004689,0.001906,0.000745,0.000279,0.000101,0.000035,0.000012,0.000004,0.000001,0.000000,0.000000,0.000000,0.000000,0.000000,0.000000,0.000000,0.000000,0.000001,0.000002,0.000005,0.000013,0.000034,0.000086,0.000209,0.000488,0.001093,0.002352,0.004864,0.009665,0.018451,0.033846,0.059650,0.101004,0.164320,0.256846,0.385737,0.556591,0.771619,1.027777,1.315297,1.617261,1.910576,2.168572,2.364897,2.477875,2.494451,2.412671,2.242074,2.001847,1.717266,1.415387,1.120835,0.852770,0.623383,0.437825,0.295448,0.191553,0.119322,0.071414,0.041065,0.022688,0.012043,0.006142,0.003010,0.001417,0.000641,0.000279,0.000117,0.000048,0.000022,0.000018,0.000037,0.000102,0.000280,0.000745,0.001906,0.004689,0.011081,0.025160,0.054886,0.115036,0.231653,0.448206,0.833175,1.488101,2.553569,4.210092,6.669165,10.150146,14.842525,20.852848,28.148270,36.506554,45.489799,54.461376,62.645325,69.233681,73.514946,75.000000,73.514832,69.233681,62.645325,54.461048,45.489799,36.506218,28.148270,20.852848,14.842321,10.150146,6.669055,4.210095,2.553578,1.488096,0.833249,0.448394,0.232161,0.116287,0.057840,0.031869,0.025717,0.035365,0.063680,0.120266,0.222459,0.396928,0.680987,1.122703,1.778448,2.706707,3.958007,5.560760,7.506206,9.735081,12.130613,14.523034,16.705420,18.462317,19.603985,20.000000,19.603956,18.462317,16.705420,14.522945,12.130613,9.734991,7.506206,5.560760,3.957952,2.706706,1.778414,1.122691,0.680952,0.396818,0.222180,0.119519,0.061774,0.030677,0.014638,0.006717,0.002978,0.001316,0.000690,0.000683,0.001314,0.003075,0.007212,0.016357,0.035677,0.074774,0.150578,0.291334,0.541564,0.967266,1.659820,2.736610,4.334958,6.597595,9.647641,13.554351,18.296574,23.729259,29.568371,35.399895,40.719460,45.002029,47.784714,48.750000,47.784641,45.001896,40.719273,35.399685,29.568377,23.729057,18.296421,13.554303,9.647799,6.598291,4.336487,2.740102,1.667311,0.982600,0.571671,0.348047,0.253239,0.253315,0.334003,0.495295,0.746002,1.098078,1.560860,2.135194,2.808650,3.552702,4.323284,5.066045,5.725618,6.258550,6.646775,6.908821,7.105465,7.336919,7.730891,8.421407,9.522022,11.097212,13.137201,15.545328,18.137001,20.660494,22.831619,24.379169,25.093630,24.863386,23.695156,21.709791,19.118019,16.178493,13.155810,10.279096,7.716626,5.566195,3.857453,2.568539,1.643245,1.010024,0.596519,0.338466,0.184536,0.096700,0.048778,0.023894,0.011888,0.007248,0.007706,0.013641,0.028292,0.058900,0.118832,0.230829,0.431249,0.774712,1.338586,2.224607,3.556766,5.472073,8.102127,11.549338,15.852922,20.960451,26.704416,32.793732,38.834579,44.363533,48.911255,52.067947,53.546135,53.227924,51.181862,47.651543,43.015419,37.730663,32.263603,27.034554,22.366631,18.460543,15.389849,13.111870,11.499272,10.374130,9.546470,8.846815,8.148234,7.377683,6.514126,5.578133,4.616296,3.683609,2.830386,2.092341,1.487286,1.016316,0.667420,0.421206,0.255428,0.148828,0.083327,0.044822,0.023166,0.011504,0.005488,0.002516,0.001108,0.000469,0.000191,0.000074,0.000028,0.000010,0.000003,0.000001,0.000000,0.000000,0.000000,0.000000,0.000000,0.000000,0.000000,0.000000,0.000000,0.000000,0.000000,0.000000,0.000000,0.000000,0.000000,0.000000,0.000000,0.000000,0.000000,0.000000,0.000000,0.000000,0.000000,0.000000,0.000000,0.000000,0.000000,0.000000,0.000000,0.000000,0.000000,0.000000,0.000000,0.000000,0.000000,0.000000,0.000000,0.000000,0.000000,0.000000,0.000000,0.000000,0.000000,0.000000,0.000000,0.000000,0.000000,0.000000,0.000000,0.000000,0.000000,0.000000,0.000000,0.000000,0.000000,0.000000,0.000000,0.000000,0.000000
I5=0.000000,0.000000,0.000000,0.000000,0.000000,0.000000,0.000000,0.000000,0.000000,0.000000,0.000000,0.000000,0.000000,0.000000,0.000000,0.000000,0.000000,0.000000,0.000000,0.000000,0.000000,0.000000,0.000000,0.000000,0.000000,0.000000,0.000000,0.000000,0.000000,0.000000,0.000000,0.000000,0.000000,0.000000,0.000000,0.000000,0.000000,0.000000,0.000000,0.000000,0.000000,0.000000,0.000000,0.000000,0.000000,0.000000,0.000000,0.000000,0.000000,0.000000,0.000000,0.000000,0.000000,0.000000,0.000000,0.000000,0.000000,0.000000,0.000000,0.000000,0.000000,0.000000,0.000000,0.000000,0.000000,0.000000,0.000000,0.000000,0.000000,0.000000,0.000000,0.000000,0.000000,0.000000,0.000000,0.000000,0.000000,0.000000,0.000000,0.000000,0.000000,0.000000,0.000000,0.000000,0.000000,0.000000,0.000000,0.000000,0.000000,0.000000,0.000000,0.000000,0.000000,0.000000,0.000000,0.000000,0.000000,0.000000,0.000000,0.000000,0.000000,0.000000,0.000000,0.000000,0.000000,0.000000,0.000000,0.000000,0.000000,0.000000,0.000000,0.000000,0.000000,0.000000,0.000000,0.000000,0.000000,0.000000,0.000000,0.000000,0.000000,0.000000,0.000000,0.000000,0.000000,0.000000,0.000000,0.000000,0.000000,0.000000,0.000000,0.000000,0.000000,0.000000,0.000000,0.000000,0.000000,0.000000,0.000000,0.000000,0.000000,0.000000,0.000000,0.000000,0.000000,0.000000,0.000000,0.000000,0.000000,0.000000,0.000000,0.000000,0.000000,0.000000,0.000000,0.000000,0.000000,0.000000,0.000000,0.000000,0.000000,0.000000,0.000000,0.000000,0.000000,0.000000,0.000000,0.000000,0.000000,0.000000,0.000000,0.000000,0.000000,0.000000,0.000000,0.000000,0.000000,0.000000,0.000000,0.000000,0.000002,0.000005,0.000015,0.000047,0.000134,0.000373,0.000993,0.002542,0.006252,0.014775,0.033546,0.073179,0.153382,0.308878,0.597608,1.110900,1.984092,3.404759,5.613559,8.892220,13.533528,19.789761,27.803797,37.531433,48.675404,60.653069,72.614731,83.527100,92.311859,98.019928,100.000000,98.019928,92.311577,83.526711,72.614731,60.653069,48.675404,37.531029,27.803459,19.789761,13.533530,8.892225,5.613472,3.404738,1.984227,1.111272,0.598601,0.311412,0.159630,0.087954,0.067093,0.087954,0.159634,0.311420,0.598601,1.111272,1.984227,3.404805,5.613574,8.892225,13.533530,19.789761,27.803797,37.531433,48.675404,60.653069,72.614731,83.527100,92.311859,98.019928,100.000000,98.019928,92.311577,83.526711,72.614731,60.653069,48.675404,37.531029,27.803459,19.789761,13.533528,8.892220,5.613456,3.404691,1.984092,1.110900,0.597608,0.308870,0.153378,0.073179,0.033546,0.014775,0.006252,0.002542,0.000993,0.000373,0.000134,0.000047,0.000015,0.000005,0.000002,0.000000,0.000000,0.000000,0.000000,0.000000,0.000000,0.000000,0.000000,0.000000,0.000000,0.000000,0.000000,0.000000,0.000000,0.000000,0.000000,0.000000,0.000000,0.000000,0.000000,0.000000,0.000000,0.000000,0.000000,0.000000,0.000000,0.000000,0.000000,0.000000,0.000000,0.000000,0.000000,0.000000,0.000000,0.000000,0.000000,0.000000,0.000000,0.000000,0.000000,0.000000,0.000000,0.000000,0.000000,0.000000,0.000000,0.000000,0.000000,0.000000,0.000000,0.000000,0.000000,0.000000,0.000000,0.000000,0.000000,0.000000,0.000000,0.000000,0.000002,0.000005,0.000015,0.000047,0.000134,0.000373,0.000993,0.002542,0.006252,0.014775,0.033546,0.073182,0.153382,0.308870,0.597608,1.110900,1.984135,3.404759,5.613456,8.892220,13.533528,19.790033,27.803797,37.531029,48.675404,60.653069,72.615173,83.527100,92.311577,98.019928,100.000000,98.019775,92.311577,83.527100,72.614731,60.653069,48.674957,37.531029,27.803797,19.789761,13.533528,8.892072,5.613456,3.404759,1.984092,1.110900,0.597593,0.308870,0.153382,0.073179,0.033546,0.014775,0.006252,0.002542,0.000993,0.000373,0.000134,0.000047,0.000015,0.000005,0.000002,0.000000,0.000000,0.000000,0.000000,0.000000,0.000000,0.000000,0.000000,0.000000,0.000000,0.000000,0.000000,0.000000,0.000000,0.000000,0.000000,0.000000,0.000000,0.000000,0.000000,0.000000,0.000000,0.000000,0.000000,0.000000,0.000000,0.000000,0.000001,0.000003,0.000010,0.000030,0.000087,0.000242,0.000645,0.001652,0.004064,0.009604,0.021805,0.047568,0.099698,0.200771,0.388445,0.722085,1.289688,2.213093,3.648813,5.779943,8.796793,12.863522,18.072468,24.395432,31.639011,39.424492,47.199860,54.292614,60.002708,63.712952,65.000000,63.712856,60.002525,54.292362,47.199574,39.424492,31.638721,24.395168,18.072248,12.863345,8.796793,5.779847,3.648746,2.213049,1.289660,0.722085,0.388436,0.200766,0.099696,0.047567,0.021805,0.009603,0.004064,0.001652,0.000645,0.000242,0.000087,0.000030,0.000010,0.000003,0.000001,0.000000,0.000000,0.000000,0.000000,0.000000,0.000000,0.000000,0.000000,0.000000,0.000000,0.000000,0.000000,0.000000,0.000000,0.000000,0.000000,0.000000,0.000000,0.000000,0.000000,0.000000,0.000000,0.000000,0.000000,0.000000,0.000000,0.000000,0.000001,0.000002,0.000008,0.000023,0.000067,0.000186,0.000496,0.001271,0.003126,0.007388,0.016774,0.036590,0.076693,0.154439,0.298804,0.555475,0.992046,1.702414,2.806781,4.446115,6.766984,9.894917,13.902169,18.765970,24.338327,30.328474,36.310719,41.771057,46.171268,49.040852,50.059765,49.121056,46.354069,42.103836,36.868721,31.215322,25.691055,20.744345,16.682144,13.648024,11.634188,10.511417,10.068237,10.055094,10.223232,10.357448,10.298804,9.956394,9.307818,8.389261,7.278156,6.072694,4.870577,3.754334,2.780842,1.979108,1.353420,0.889216,0.561343,0.340472,0.198402,0.111090,0.059758,0.030886,0.015338,0.007318,0.003355,0.001477,0.000625,0.000254,0.000099,0.000037,0.000013,0.000005,0.000002,0.000000,0.000000,0.000000,0.000000,0.000000,0.000000,0.000000,0.000000,0.000000,0.000000,0.000000,0.000000,0.000000,0.000000,0.000000,0.000000,0.000000,0.000000,0.000000,0.000000,0.000000,0.000000,0.000000,0.000000,0.000000,0.000000,0.000000,0.000000,0.000000,0.000000,0.000000,0.000000,0.000000,0.000000,0.000000,0.000000,0.000000,0.000000,0.000000,0.000000,0.000000,0.000000,0.000000,0.000000,0.000000,0.000000,0.000000,0.000000,0.000000,0.000000,0.000000,0.000000,0.000000,0.000000,0.000000,0.000000,0.000000,0.000000,0.000000
I6=0.000000,0.000000,0.000000,0.000000,0.000000,0.000000,0.000000,0.000000,0.000000,0.000000,0.000000,0.000000,0.000000,0.000000,0.000000,0.000000,0.000000,0.000000,0.000000,0.000000,0.000000,0.000001,0.000004,0.000012,0.000034,0.000093,0.000248,0.000635,0.001563,0.003694,0.008387,0.018295,0.038345,0.077218,0.149400,0.277725,0.496028,0.851190,1.403364,2.223037,3.383382,4.947474,6.950949,9.382757,12.168795,15.163267,18.153738,20.881775,23.077894,24.504963,25.000000,24.504963,23.077894,20.881775,18.153738,15.163267,12.168795,9.382757,6.950949,4.947474,3.383382,2.223037,1.403364,0.851190,0.496028,0.277725,0.149400,0.077218,0.038345,0.018295,0.008387,0.003694,0.001563,0.000635,0.000248,0.000093,0.000034,0.000012,0.000004,0.000001,0.000000,0.000000,0.000000,0.000000,0.000000,0.000000,0.000000,0.000000,0.000001,0.000003,0.000008,0.000024,0.000065,0.000171,0.000431,0.001046,0.002438,0.005463,0.011759,0.024320,0.048325,0.092263,0.169243,0.298284,0.505125,0.821889,1.284998,1.930604,2.787623,3.869200,5.164072,6.631425,8.201372,9.784503,11.291086,12.657673,13.877470,15.025820,16.273457,17.879519,20.159355,23.428753,27.929754,33.752415,40.770378,48.606697,56.650337,64.122551,70.191437,74.111549,75.357071,73.720207,69.347115,62.705540,54.491756,45.504848,36.513470,28.151474,20.854240,14.842903,10.150380,6.669200,4.210125,2.553581,1.488073,0.833176,0.448201,0.231653,0.115037,0.054886,0.025165,0.011095,0.004728,0.002009,0.001003,0.000907,0.001564,0.003312,0.007067,0.014595,0.028995,0.055355,0.101538,0.178949,0.303009,0.492961,0.770546,1.157210,1.669761,2.314844,3.083332,3.945890,4.851784,5.731727,6.505715,7.094690,7.433623,7.483353,7.238012,6.726224,6.005541,5.151832,4.246161,3.362472,2.558310,1.870149,1.313495,0.886344,0.574650,0.357965,0.214243,0.123197,0.068063,0.036129,0.018427,0.009033,0.004263,0.001958,0.000936,0.000619,0.000840,0.001799,0.004198,0.009621,0.021257,0.045146,0.092131,0.180649,0.340325,0.615985,1.071214,1.789824,2.873301,4.431789,6.567473,9.350747,12.791549,16.812521,21.230976,25.759157,30.027702,33.631119,36.190132,37.416779,37.168118,35.473450,32.528576,28.658472,24.258747,19.729448,15.416658,11.574289,8.348748,5.785966,3.852697,2.464805,1.515057,0.894737,0.507679,0.276771,0.144971,0.072957,0.035276,0.016387,0.007314,0.003137,0.001292,0.000512,0.000195,0.000071,0.000025,0.000008,0.000003,0.000001,0.000000,0.000000,0.000000,0.000000,0.000000,0.000000,0.000000,0.000000,0.000000,0.000000,0.000000,0.000000,0.000000,0.000000,0.000000,0.000000,0.000000,0.000000,0.000000,0.000000,0.000000,0.000000,0.000000,0.000000,0.000000,0.000000,0.000000,0.000000,0.000000,0.000000,0.000000,0.000000,0.000000,0.000000,0.000001,0.000003,0.000009,0.000026,0.000071,0.000188,0.000474,0.001150,0.002682,0.006009,0.012935,0.026751,0.053156,0.101483,0.186153,0.328077,0.555521,0.903762,1.412655,2.121552,3.061248,4.243906,5.652775,7.234131,8.894938,10.508165,11.927145,13.006931,13.628309,13.719480,13.269688,12.331410,11.010159,9.444963,7.784630,6.164596,4.690248,3.428645,2.408139,1.625218,1.054169,0.657746,0.396133,0.233175,0.140121,0.097125,0.093542,0.127643,0.206207,0.344001,0.562878,0.889862,1.353609,1.979102,2.780416,3.753116,4.867545,6.065308,7.261518,8.352710,9.231158,9.801992,10.000000,9.801978,9.231158,8.352710,7.261473,6.065307,4.867496,3.753103,2.780380,1.978976,1.353353,0.889207,0.561346,0.340476,0.198409,0.111090,0.059759,0.030887,0.015338,0.007318,0.003355,0.001477,0.000625,0.000254,0.000099,0.000037,0.000013,0.000005,0.000002,0.000001,0.000001,0.000003,0.000009,0.000028,0.000081,0.000224,0.000596,0.001525,0.003751,0.008865,0.020128,0.043909,0.092029,0.185322,0.358565,0.666540,1.190481,2.042855,3.368073,5.335332,8.120117,11.874020,16.682278,22.518616,29.205242,36.391838,43.569103,50.116261,55.386948,58.811958,60.000000,58.811867,55.386948,50.116261,43.568836,36.391838,29.204973,22.518616,16.682278,11.873857,8.120117,5.335243,3.368073,2.042855,1.190455,0.666540,0.358556,0.185322,0.092029,0.043908,0.020128,0.008865,0.003751,0.001525,0.000596,0.000224,0.000081,0.000028,0.000009,0.000003,0.000001,0.000000,0.000000,0.000000,0.000000,0.000000,0.000000,0.000000,0.000000,0.000000,0.000000,0.000000,0.000000,0.000000,0.000000,0.000000,0.000000,0.000000,0.000000,0.000000,0.000001,0.000002,0.000006,0.000018,0.000050,0.000135,0.000350,0.000872,0.002089,0.004807,0.010627,0.022573,0.046065,0.090323,0.170161,0.307994,0.535631,0.894983,1.436825,2.216399,3.285090,4.678863,6.404130,8.425406,10.657909,12.969782,15.198112,17.176847,18.775648,19.940325,20.726461,21.316397,22.010757,23.192675,25.264221,28.566065,33.291634,39.411602,46.635983,54.410999,61.981483,68.494865,73.137512,75.280891,74.590157,71.085472,65.129379,57.354061,48.535484,39.467430,30.837288,23.149876,16.698586,11.572358,7.705616,4.929734,3.030069,1.789552,1.015381,0.553556,0.289950,0.145914,0.070565,0.032804,0.014710,0.006497,0.003181,0.002548,0.004141,0.009007,0.020178,0.043927,0.092032,0.185328,0.358565,0.666540,1.190506,2.042815,3.368135,5.335332,8.120117,11.874182,16.682076,22.518860,29.205242,36.391838,43.569366,50.116028,55.387115,58.811958,60.000000,58.811779,55.387115,50.116028,43.568836,36.391838,29.204708,22.518860,16.682076,11.873857,8.120117,5.335154,3.368135,2.042815,1.190455,0.666540,0.358547,0.185327,0.092027,0.043908,0.020128,0.008864,0.003751,0.001525,0.000596,0.000224,0.000081,0.000028,0.000009,0.000003,0.000001,0.000000,0.000000,0.000000,0.000000,0.000000,0.000000,0.000000,0.000000,0.000000,0.000000,0.000000,0.000000,0.000000,0.000000,0.000000,0.000000,0.000000,0.000000,0.000000,0.000000,0.000000,0.000000,0.000000,0.000000,0.000000,0.000000,0.000000,0.000000,0.000000,0.000000,0.000000,0.000000,0.000000,0.000000,0.000000,0.000000,0.000000,0.000000,0.000000,0.000000,0.000000,0.000000,0.000000,0.000000,0.000000,0.000000,0.000000,0.000000,0.000000,0.000000,0.000000,0.000000,0.000000,0.000000,0.000000,0.000000,0.000000,0.000000,0.000000,0.000000,0.000000,0.000000,0.000000,0.000000,0.000000,0.000000,0.000000,0.000000,0.000000
I7=0.000000,0.000000,0.000000,0.000000,0.000000,0.000000,0.000000,0.000000,0.000000,0.000000,0.000000,0.000000,0.000000,0.000000,0.000000,0.000000,0.000000,0.000000,0.000000,0.000000,0.000000,0.000001,0.000002,0.000006,0.000017,0.000047,0.000124,0.000318,0.000782,0.001847,0.004193,0.009148,0.019173,0.038609,0.074700,0.138862,0.248014,0.425595,0.701682,1.111518,1.691691,2.473737,3.475475,4.691379,6.084397,7.581634,9.076869,10.440887,11.538947,12.252481,12.500000,12.252481,11.538947,10.440887,9.076869,7.581634,6.084397,4.691379,3.475475,2.473737,1.691691,1.111518,0.701682,0.425595,0.248014,0.138862,0.074700,0.038609,0.019173,0.009148,0.004193,0.001847,0.000782,0.000318,0.000124,0.000047,0.000017,0.000006,0.000002,0.000001,0.000000,0.000000,0.000000,0.000000,0.000000,0.000000,0.000000,0.000000,0.000000,0.000001,0.000004,0.000012,0.000032,0.000085,0.000215,0.000523,0.001219,0.002731,0.005879,0.012160,0.024163,0.046131,0.084622,0.149142,0.252562,0.410944,0.642499,0.965302,1.393812,1.934600,2.582036,3.315712,4.100686,4.892251,5.645543,6.328836,6.938735,7.512910,8.136728,8.939759,10.079679,11.714379,13.964885,16.876230,20.385256,24.303535,28.325665,32.062546,35.098843,37.063164,37.695309,36.896694,34.750248,31.507204,27.544682,23.307875,19.248791,15.778116,13.233849,11.867561,11.841954,13.229549,16.006962,20.042305,25.081738,30.743122,36.531578,41.879375,46.213306,49.037407,50.012581,49.015472,46.158154,41.764553,36.307865,30.326988,24.338371,18.767170,13.905432,9.902178,6.781262,4.473751,2.857497,1.791837,1.143561,0.801930,0.684073,0.733040,0.911570,1.194012,1.558439,1.980332,2.429018,2.867134,3.253354,3.547531,3.716879,3.741700,3.619015,3.363117,3.002780,2.575943,2.123155,1.681434,1.279663,0.936325,0.659702,0.449881,0.301961,0.209659,0.168895,0.181117,0.256212,0.414892,0.690165,1.127208,1.780546,2.707685,3.958474,5.561069,7.506626,9.735890,12.132712,14.527844,16.716047,18.484890,19.650023,20.090324,19.774118,18.770309,17.241026,15.417946,13.567264,11.950886,10.789942,10.236134,10.353781,11.112967,12.393903,14.002270,15.694803,17.212387,18.317245,18.827908,18.645832,17.767401,16.278925,14.335945,12.132328,9.865974,7.708838,5.787343,4.174448,2.893010,1.926358,1.232406,0.757530,0.447369,0.253840,0.138386,0.072487,0.036482,0.017649,0.008229,0.003758,0.001848,0.001391,0.002162,0.004787,0.011117,0.025172,0.054889,0.115038,0.231659,0.448206,0.833175,1.488069,2.553569,4.210169,6.669165,10.150146,14.842321,20.852848,28.148575,36.506554,45.489799,54.461048,62.645325,69.233894,73.514946,75.000000,73.514946,69.233681,62.645035,54.461048,45.489799,36.506554,28.148270,20.852594,14.842321,10.150146,6.669165,4.210092,2.553519,1.488069,0.833175,0.448206,0.231653,0.115034,0.054886,0.025164,0.011094,0.004725,0.002000,0.000982,0.000855,0.001442,0.003039,0.006479,0.013379,0.026579,0.050742,0.093077,0.164039,0.277761,0.451881,0.706328,1.060776,1.530624,2.121953,2.826387,3.617065,4.447469,5.254083,5.963573,6.503466,6.814155,6.859740,6.634844,6.165705,5.505079,4.722481,3.892315,3.082298,2.345124,1.714322,1.204069,0.812609,0.527084,0.328873,0.198066,0.116587,0.070061,0.048562,0.046771,0.063822,0.103103,0.172000,0.281439,0.444931,0.676805,0.989551,1.390208,1.876558,2.433772,3.032654,3.630759,4.176355,4.615579,4.900996,5.000000,4.900989,4.615579,4.176355,3.630736,3.032653,2.433748,1.876551,1.390190,0.989488,0.676676,0.444604,0.280673,0.170238,0.099205,0.055545,0.029880,0.015444,0.007669,0.003659,0.001677,0.000739,0.000313,0.000127,0.000050,0.000019,0.000007,0.000002,0.000001,0.000000,0.000001,0.000002,0.000005,0.000014,0.000040,0.000112,0.000298,0.000763,0.001876,0.004433,0.010064,0.021954,0.046015,0.092661,0.179282,0.333270,0.595240,1.021428,1.684037,2.667666,4.060059,5.937010,8.341139,11.259308,14.602621,18.195919,21.784554,25.058136,27.693493,29.406033,30.000149,29.406330,27.694490,25.060631,21.790329,18.209337,14.631760,11.320661,8.464686,6.175972,4.504418,3.461276,3.045940,3.266810,4.152116,5.746681,8.095291,11.214180,15.058426,19.492115,24.271290,29.050501,33.412716,36.925396,39.208267,40.000111,39.207954,36.924648,33.410843,29.045893,24.261227,19.469982,15.012411,11.121519,7.915905,5.413411,3.556829,2.245382,1.361904,0.793637,0.444360,0.239037,0.123548,0.061353,0.029272,0.013419,0.005910,0.002501,0.001017,0.000397,0.000149,0.000055,0.000022,0.000015,0.000027,0.000068,0.000175,0.000436,0.001045,0.002403,0.005313,0.011286,0.023033,0.045161,0.085080,0.153997,0.267816,0.447492,0.718413,1.108200,1.642545,2.339431,3.202065,4.212703,5.328955,6.484891,7.599056,8.588424,9.387824,9.970162,10.363231,10.658198,11.005379,11.596337,12.632111,14.283032,16.645817,19.705801,23.317991,27.205500,30.990742,34.247433,36.568756,37.640446,37.295078,35.542736,32.564690,28.677031,24.267742,19.733715,15.418644,11.574938,8.349293,5.786179,3.852808,2.464867,1.515034,0.894776,0.507691,0.276778,0.144975,0.072957,0.035282,0.016402,0.007355,0.003249,0.001590,0.001274,0.002070,0.004504,0.010089,0.021964,0.046016,0.092664,0.179283,0.333270,0.595253,1.021407,1.684068,2.667666,4.060059,5.937091,8.341038,11.259430,14.602621,18.195919,21.784683,25.058014,27.693558,29.405979,30.000000,29.405890,27.693558,25.058014,21.784418,18.195919,14.602354,11.259430,8.341038,5.936928,4.060059,2.667577,1.684068,1.021407,0.595228,0.333270,0.179274,0.092663,0.046013,0.021954,0.010064,0.004432,0.001876,0.000763,0.000298,0.000112,0.000040,0.000014,0.000005,0.000001,0.000000,0.000000,0.000000,0.000000,0.000000,0.000000,0.000000,0.000000,0.000000,0.000000,0.000000,0.000000,0.000000,0.000000,0.000000,0.000000,0.000000,0.000000,0.000000,0.000000,0.000000,0.000000,0.000000,0.000000,0.000000,0.000000,0.000000,0.000000,0.000000,0.000000,0.000000,0.000000,0.000000,0.000000,0.000000,0.000000,0.000000,0.000000,0.000000,0.000000,0.000000,0.000000,0.000000,0.000000,0.000000,0.000000,0.000000,0.000000,0.000000,0.000000,0.000000,0.000000,0.000000,0.000000,0.000000,0.000000,0.000000,0.000000,0.000000,0.000000,0.000000,0.000000,0.000000,0.000000,0.000000,0.000000,0.000000,0.000000,0.000000,0.000000
I8=0.000000,0.000000,0.000000,0.000000,0.000000,0.000000,0.000000,0.000000,0.000000,0.000000,0.000000,0.000000,0.000000,0.000000,0.000000,0.000000,0.000000,0.000000,0.000000,0.000000,0.000000,0.000000,0.000000,0.000000,0.000000,0.000000,0.000000,0.000000,0.000000,0.000000,0.000000,0.000000,0.000000,0.000000,0.000000,0.000000,0.000000,0.000000,0.000000,0.000000,0.000000,0.000000,0.000000,0.000000,0.000000,0.000000,0.000000,0.000000,0.000000,0.000000,0.000000,0.000000,0.000000,0.000000,0.000000,0.000000,0.000000,0.000000,0.000000,0.000000,0.000000,0.000000,0.000000,0.000000,0.000000,0.000000,0.000000,0.000000,0.000000,0.000000,0.000000,0.000000,0.000000,0.000000,0.000000,0.000000,0.000000,0.000000,0.000000,0.000000,0.000000,0.000000,0.000000,0.000000,0.000000,0.000000,0.000000,0.000000,0.000000,0.000000,0.000000,0.000000,0.000000,0.000000,0.000000,0.000000,0.000000,0.000000,0.000000,0.000000,0.000000,0.000000,0.000000,0.000000,0.000000,0.000000,0.000000,0.000000,0.000000,0.000000,0.000000,0.000000,0.000000,0.000000,0.000000,0.000000,0.000000,0.000000,0.000000,0.000000,0.000002,0.000005,0.000015,0.000047,0.000134,0.000373,0.000993,0.002542,0.006252,0.014775,0.033546,0.073180,0.153382,0.308870,0.597608,1.110900,1.984114,3.404759,5.613456,8.892220,13.533528,19.789898,27.803797,37.531029,48.675404,60.653069,72.614952,83.527100,92.311577,98.019928,100.000000,98.019852,92.311577,83.527100,72.614731,60.653069,48.675179,37.531029,27.803797,19.789761,13.533528,8.892146,5.613456,3.404726,1.984114,1.110900,0.597601,0.308870,0.153380,0.073180,0.033546,0.014775,0.006252,0.002542,0.000993,0.000373,0.000135,0.000047,0.000017,0.000011,0.000020,0.000054,0.000149,0.000397,0.001017,0.002501,0.005910,0.013419,0.029273,0.061353,0.123548,0.239037,0.444360,0.793654,1.361904,2.245382,3.556829,5.413411,7.916013,11.121519,15.012411,19.469982,24.261227,29.046068,33.410839,36.924633,39.207912,40.000000,39.207912,36.924633,33.410839,29.046068,24.261227,19.469982,15.012411,11.121519,7.916013,5.413411,3.556829,2.245382,1.361904,0.793654,0.444360,0.239037,0.123548,0.061353,0.029273,0.013419,0.005910,0.002501,0.001017,0.000397,0.000149,0.000054,0.000019,0.000006,0.000002,0.000001,0.000000,0.000001,0.000002,0.000007,0.000023,0.000070,0.000202,0.000559,0.001489,0.003813,0.009378,0.022163,0.050319,0.109769,0.230073,0.463317,0.896412,1.666349,2.976138,5.107138,8.420338,13.338330,20.300293,29.684643,41.705696,56.297150,73.013107,90.979599,108.922096,125.290649,138.467789,147.029892,150.000000,147.029892,138.467361,125.290070,108.922096,90.979599,73.013107,56.296539,41.705189,29.684643,20.300293,13.338330,8.420183,5.107037,2.976138,1.666349,0.896412,0.463305,0.230067,0.109769,0.050319,0.022163,0.009378,0.003813,0.001489,0.000559,0.000202,0.000070,0.000023,0.000007,0.000002,0.000001,0.000000,0.000000,0.000000,0.000000,0.000000,0.000000,0.000000,0.000000,0.000000,0.000000,0.000000,0.000000,0.000000,0.000000,0.000000,0.000000,0.000000,0.000000,0.000000,0.000000,0.000000,0.000000,0.000000,0.000000,0.000000,0.000000,0.000000,0.000000,0.000000,0.000000,0.000000,0.000000,0.000000,0.000000,0.000000,0.000000,0.000000,0.000000,0.000000,0.000000,0.000000,0.000000,0.000000,0.000000,0.000000,0.000000,0.000000,0.000000,0.000000,0.000000,0.000000,0.000000,0.000000,0.000000,0.000000,0.000000,0.000000,0.000000,0.000000,0.000000,0.000000,0.000000,0.000000,0.000000,0.000000,0.000000,0.000000,0.000000,0.000000,0.000000,0.000000,0.000000,0.000000,0.000000,0.000000,0.000000,0.000000,0.000000,0.000000,0.000000,0.000000,0.000000,0.000000,0.000000,0.000000,0.000000,0.000000,0.000000,0.000000,0.000000,0.000000,0.000000,0.000000,0.000000,0.000000,0.000000,0.000000,0.000000,0.000000,0.000000,0.000000,0.000000,0.000000,0.000001,0.000004,0.000012,0.000037,0.000108,0.000298,0.000794,0.002034,0.005002,0.011820,0.026837,0.058545,0.122706,0.247096,0.478086,0.888720,1.587308,2.723807,4.490765,7.113776,10.826822,15.832026,22.243038,30.024822,38.940323,48.522453,58.092136,66.821678,73.849266,78.415939,80.000000,78.415825,73.849266,66.821678,58.091782,48.522453,38.939964,30.024822,22.243038,15.831809,10.826822,7.113657,4.490765,2.723807,1.587274,0.888720,0.478075,0.247096,0.122706,0.058544,0.026837,0.011820,0.005002,0.002034,0.000794,0.000298,0.000108,0.000037,0.000012,0.000004,0.000001,0.000000,0.000000,0.000000,0.000000,0.000000,0.000000,0.000000,0.000000,0.000000,0.000000,0.000000,0.000000,0.000000,0.000000,0.000000,0.000000,0.000000,0.000000,0.000000,0.000000,0.000000,0.000000,0.000000,0.000000,0.000000,0.000000,0.000000,0.000000,0.000000,0.000000,0.000000,0.000000,0.000000,0.000000,0.000000,0.000000,0.000000,0.000000,0.000000,0.000000,0.000000,0.000000,0.000000,0.000000,0.000000,0.000000,0.000000,0.000000,0.000000,0.000000,0.000000,0.000000,0.000000,0.000000,0.000000,0.000000,0.000000,0.000000,0.000000,0.000000,0.000000,0.000000,0.000000,0.000000,0.000000,0.000000,0.000000,0.000000,0.000000,0.000000,0.000000,0.000000,0.000000,0.000000,0.000000,0.000000,0.000000,0.000000,0.000000,0.000000,0.000000,0.000000,0.000000,0.000000,0.000000,0.000000,0.000000,0.000000,0.000000,0.000000,0.000000,0.000000,0.000000,0.000000,0.000000,0.000000,0.000000,0.000000,0.000000,0.000000,0.000000,0.000000,0.000000,0.000000,0.000000,0.000000,0.000000,0.000000,0.000000,0.000000,0.000000,0.000000,0.000000,0.000000,0.000000,0.000000,0.000000,0.000000,0.000000,0.000000,0.000000,0.000000,0.000000,0.000000,0.000000,0.000000,0.000000,0.000000,0.000000,0.000000,0.000000,0.000000,0.000000,0.000000,0.000000,0.000000,0.000000,0.000000,0.000000,0.000000,0.000000,0.000000,0.000000,0.000000,0.000000,0.000000,0.000000,0.000000,0.000000,0.000000,0.000000,0.000000,0.000000,0.000000,0.000000,0.000000,0.000000,0.000000,0.000000,0.000000,0.000000,0.000000,0.000000,0.000000,0.000000,0.000000,0.000000,0.000000,0.000000,0.000000,0.000000,0.000000,0.000000,0.000000,0.000000,0.000000,0.000000,0.000000,0.000000,0.000000,0.000000,0.000000,0.000000,0.000000
I9=0.000000,0.000000,0.000000,0.000000,0.000000,0.000000,0.000000,0.000000,0.000000,0.000000,0.000000,0.000000,0.000000,0.000000,0.000000,0.000000,0.000000,0.000000,0.000000,0.000000,0.000000,0.000001,0.000004,0.000012,0.000034,0.000093,0.000248,0.000635,0.001563,0.003694,0.008387,0.018295,0.038345,0.077218,0.149400,0.277725,0.496028,0.851190,1.403364,2.223037,3.383382,4.947474,6.950949,9.382757,12.168795,15.163267,18.153738,20.881775,23.077894,24.504963,25.000000,24.504963,23.077894,20.881775,18.153738,15.163267,12.168795,9.382757,6.950949,4.947474,3.383382,2.223037,1.403364,0.851190,0.496028,0.277725,0.149400,0.077218,0.038345,0.018295,0.008387,0.003694,0.001563,0.000635,0.000248,0.000093,0.000034,0.000012,0.000004,0.000001,0.000000,0.000000,0.000000,0.000000,0.000000,0.000000,0.000000,0.000000,0.000001,0.000003,0.000008,0.000024,0.000065,0.000171,0.000431,0.001046,0.002438,0.005463,0.011759,0.024319,0.048324,0.092259,0.169232,0.298249,0.505024,0.821609,1.284253,1.928698,2.782934,3.858119,5.138912,6.576540,8.086336,9.552851,10.842880,11.824498,12.389385,12.472251,12.063365,11.210353,10.009209,8.586329,7.076906,5.604146,4.263825,3.116896,2.189126,1.477228,0.957758,0.596602,0.357068,0.205324,0.113438,0.060215,0.030710,0.015048,0.007085,0.003205,0.001393,0.000582,0.000233,0.000090,0.000033,0.000012,0.000004,0.000001,0.000000,0.000000,0.000000,0.000000,0.000000,0.000000,0.000000,0.000000,0.000000,0.000000,0.000000,0.000000,0.000000,0.000000,0.000000,0.000000,0.000000,0.000000,0.000000,0.000000,0.000000,0.000000,0.000000,0.000000,0.000000,0.000000,0.000000,0.000000,0.000000,0.000000,0.000000,0.000000,0.000000,0.000000,0.000001,0.000004,0.000012,0.000035,0.000101,0.000279,0.000745,0.001906,0.004689,0.011081,0.025160,0.054885,0.115036,0.231658,0.448206,0.833175,1.488069,2.553569,4.210169,6.669165,10.150146,14.842321,20.852848,28.148575,36.506554,45.489799,54.461048,62.645325,69.233894,73.514946,75.000000,73.514946,69.233681,62.645035,54.461048,45.489799,36.506554,28.148270,20.852594,14.842321,10.150147,6.669169,4.210103,2.553553,1.488170,0.833454,0.448951,0.233559,0.119723,0.065966,0.050319,0.065966,0.119726,0.233565,0.448951,0.833454,1.488170,2.553604,4.210180,6.669169,10.150147,14.842321,20.852848,28.148575,36.506554,45.489799,54.461048,62.645325,69.233894,73.514946,75.000000,73.514946,69.233681,62.645035,54.461048,45.489799,36.506554,28.148270,20.852594,14.842321,10.150146,6.669165,4.210092,2.553519,1.488069,0.833175,0.448206,0.231653,0.115033,0.054885,0.025160,0.011081,0.004689,0.001906,0.000745,0.000279,0.000101,0.000035,0.000012,0.000004,0.000001,0.000000,0.000000,0.000000,0.000000,0.000000,0.000000,0.000000,0.000000,0.000001,0.000004,0.000012,0.000032,0.000085,0.000215,0.000523,0.001219,0.002731,0.005879,0.012160,0.024162,0.046128,0.084615,0.149126,0.252510,0.410801,0.642116,0.964342,1.391476,1.929048,2.569443,3.288241,4.043154,4.776439,5.421430,5.912242,6.194686,6.236127,6.031676,5.605186,5.004617,4.293165,3.538469,2.802092,2.131938,1.558495,1.094663,0.738874,0.479509,0.299782,0.181890,0.109980,0.072058,0.060995,0.075116,0.118614,0.201956,0.342078,0.562042,0.889513,1.353471,1.979052,2.780408,3.753144,4.867643,6.065587,7.262262,8.354616,9.235847,9.813074,10.025160,9.856864,9.346194,8.584362,7.709679,6.898481,6.355597,6.306672,6.990471,8.648141,11.503499,15.731731,21.414194,28.488745,36.704964,45.600891,54.521137,62.676212,69.249016,73.522263,75.003357,73.516312,69.234306,62.645580,54.461147,45.489838,36.506233,28.148273,20.852850,14.842322,10.150146,6.669054,4.210092,2.553569,1.488069,0.833175,0.448195,0.231653,0.115036,0.054885,0.025160,0.011081,0.004689,0.001906,0.000745,0.000279,0.000101,0.000035,0.000012,0.000004,0.000001,0.000000,0.000000,0.000000,0.000000,0.000000,0.000000,0.000000,0.000000,0.000000,0.000000,0.000000,0.000000,0.000000,0.000000,0.000000,0.000000,0.000000,0.000000,0.000000,0.000000,0.000000,0.000000,0.000000,0.000000,0.000000,0.000000,0.000000,0.000001,0.000002,0.000008,0.000023,0.000066,0.000182,0.000484,0.001239,0.003048,0.007203,0.016354,0.035676,0.074774,0.150578,0.291334,0.541564,0.967266,1.659820,2.736610,4.334958,6.597595,9.647641,13.554351,18.296574,23.729259,29.568371,35.399895,40.719460,45.002029,47.784714,48.750000,47.784641,45.001896,40.719273,35.399681,29.568371,23.729040,18.296375,13.554187,9.647509,6.597595,4.334885,2.736560,1.659787,0.967245,0.541564,0.291327,0.150574,0.074772,0.035675,0.016354,0.007203,0.003048,0.001239,0.000484,0.000182,0.000066,0.000023,0.000008,0.000002,0.000001,0.000000,0.000000,0.000000,0.000000,0.000000,0.000000,0.000000,0.000000,0.000000,0.000000,0.000000,0.000000,0.000000,0.000000,0.000000,0.000000,0.000000,0.000000,0.000000,0.000000,0.000000,0.000000,0.000000,0.000000,0.000000,0.000000,0.000000,0.000001,0.000002,0.000006,0.000017,0.000050,0.000140,0.000372,0.000953,0.002345,0.005541,0.012581,0.027442,0.057520,0.115829,0.224103,0.416606,0.744035,1.276810,2.105086,3.334586,5.075238,7.421189,10.426626,14.074478,18.253746,22.746355,27.233040,31.328295,34.628452,36.780640,37.544823,36.840790,34.765553,31.577879,27.651541,23.411491,19.268291,15.558258,12.511608,10.236018,8.725640,7.883562,7.551178,7.541320,7.667424,7.768085,7.724103,7.467296,6.980864,6.291946,5.458617,4.554521,3.652933,2.815750,2.085632,1.484331,1.015065,0.666912,0.421007,0.255354,0.148801,0.083318,0.044818,0.023165,0.011503,0.005488,0.002516,0.001108,0.000469,0.000191,0.000074,0.000028,0.000010,0.000003,0.000001,0.000000,0.000000,0.000000,0.000000,0.000000,0.000000,0.000000,0.000000,0.000000,0.000000,0.000000,0.000000,0.000000,0.000000,0.000000,0.000000,0.000000,0.000000,0.000000,0.000000,0.000000,0.000000,0.000000,0.000000,0.000000,0.000000,0.000000,0.000000,0.000000,0.000000,0.000000,0.000000,0.000000,0.000000,0.000000,0.000000,0.000000,0.000000,0.000000,0.000000,0.000000,0.000000,0.000000,0.000000,0.000000,0.000000,0.000000,0.000000,0.000000,0.000000,0.000000,0.000000,0.000000,0.000000,0.000000,0.000000,0.000000,0.000000,0.000000
I10=0.000000,0.000000,0.000000,0.000000,0.000000,0.000000,0.000000,0.000000,0.000000,0.000000,0.000000,0.000000,0.000000,0.000000,0.000000,0.000000,0.000000,0.000000,0.000000,0.000000,0.000001,0.000002,0.000008,0.000023,0.000067,0.000186,0.000496,0.001271,0.003126,0.007387,0.016773,0.036590,0.076691,0.154435,0.298800,0.555450,0.992057,1.702379,2.806728,4.446073,6.766764,9.894949,13.901898,18.765514,24.337589,30.326534,36.307476,41.763550,46.155788,49.009926,50.000000,49.009926,46.155788,41.763550,36.307476,30.326534,24.337589,18.765514,13.901898,9.894949,6.766764,4.446073,2.806728,1.702379,0.992057,0.555450,0.298800,0.154435,0.076691,0.036590,0.016773,0.007387,0.003126,0.001271,0.000496,0.000186,0.000067,0.000023,0.000008,0.000002,0.000001,0.000000,0.000000,0.000000,0.000000,0.000000,0.000000,0.000001,0.000002,0.000006,0.000017,0.000047,0.000130,0.000341,0.000862,0.002091,0.004876,0.010925,0.023517,0.048639,0.096649,0.184521,0.338472,0.596521,1.010115,1.643404,2.569003,3.858667,5.568995,7.723625,10.294598,13.189670,16.249363,19.260136,21.984564,24.204447,25.770828,26.646881,26.933458,26.866816,26.785181,27.067608,28.055710,29.973808,32.865353,36.560326,40.685730,44.718006,48.071304,50.203167,50.714134,49.420574,46.382664,41.883980,36.368786,30.356630,24.351759,18.771923,13.904684,9.896044,6.767231,4.446253,2.806794,1.702403,0.992054,0.555453,0.298801,0.154435,0.076691,0.036591,0.016776,0.007397,0.003152,0.001339,0.000669,0.000605,0.001042,0.002208,0.004711,0.009730,0.019330,0.036903,0.067692,0.119299,0.202006,0.328641,0.513697,0.771474,1.113174,1.543230,2.055554,2.630593,3.234523,3.821151,4.337143,4.729794,4.955749,4.988902,4.825341,4.484149,4.003694,3.434554,2.830774,2.241648,1.705540,1.246766,0.875663,0.590896,0.383100,0.238643,0.142828,0.082131,0.045376,0.024086,0.012285,0.006022,0.002842,0.001306,0.000624,0.000412,0.000560,0.001199,0.002799,0.006414,0.014171,0.030097,0.061420,0.120432,0.226883,0.410657,0.714142,1.193216,1.915534,2.954526,4.378315,6.233831,8.527699,11.208347,14.153984,17.172771,20.018469,22.420746,24.126755,24.944519,24.778744,23.648968,21.685719,19.105648,16.172499,13.152966,10.277772,7.716193,5.565832,3.857311,2.568465,1.643204,1.010038,0.596491,0.338452,0.184514,0.096647,0.048638,0.023517,0.010925,0.004876,0.002091,0.000862,0.000341,0.000130,0.000047,0.000017,0.000006,0.000002,0.000001,0.000000,0.000000,0.000000,0.000000,0.000000,0.000000,0.000000,0.000000,0.000000,0.000000,0.000000,0.000000,0.000000,0.000000,0.000000,0.000000,0.000000,0.000000,0.000000,0.000000,0.000000,0.000000,0.000000,0.000000,0.000000,0.000000,0.000000,0.000000,0.000000,0.000000,0.000000,0.000000,0.000000,0.000000,0.000001,0.000004,0.000012,0.000033,0.000091,0.000239,0.000603,0.001464,0.003413,0.007648,0.016462,0.034047,0.067653,0.129160,0.236922,0.417553,0.707027,1.150243,1.797925,2.700157,3.896134,5.401335,7.194440,9.207076,11.320830,13.374028,15.180002,16.554277,17.345121,17.461155,16.888695,15.694522,14.012928,12.020863,9.907712,7.845853,5.969416,4.363757,3.064976,2.068644,1.342124,0.838206,0.506609,0.302090,0.189491,0.146077,0.162516,0.243248,0.406745,0.685438,1.124641,1.779258,2.707032,3.958132,5.560806,7.506222,9.735086,12.130615,14.523034,16.705420,18.462317,19.603985,20.000000,19.603956,18.462317,16.705420,14.522945,12.130613,9.734991,7.506206,5.560760,3.957952,2.706706,1.778414,1.122691,0.680952,0.396818,0.222180,0.119519,0.061774,0.030676,0.014636,0.006709,0.002955,0.001250,0.000508,0.000199,0.000075,0.000027,0.000009,0.000003,0.000001,0.000001,0.000002,0.000006,0.000019,0.000054,0.000149,0.000397,0.001017,0.002501,0.005910,0.013419,0.029273,0.061353,0.123548,0.239043,0.444360,0.793654,1.361904,2.245382,3.556888,5.413411,7.916013,11.121519,15.012411,19.470161,24.261227,29.046068,33.410839,36.924633,39.207970,40.000000,39.207912,36.924633,33.410839,29.045891,24.261227,19.469982,15.012411,11.121519,7.915905,5.413411,3.556829,2.245382,1.361904,0.793637,0.444360,0.239037,0.123548,0.061353,0.029272,0.013419,0.005910,0.002501,0.001017,0.000397,0.000149,0.000054,0.000019,0.000006,0.000002,0.000001,0.000000,0.000000,0.000000,0.000000,0.000000,0.000000,0.000000,0.000000,0.000000,0.000000,0.000000,0.000000,0.000000,0.000000,0.000000,0.000000,0.000000,0.000000,0.000000,0.000000,0.000001,0.000004,0.000012,0.000033,0.000090,0.000233,0.000582,0.001393,0.003205,0.007085,0.015048,0.030710,0.060215,0.113441,0.205329,0.357087,0.596655,0.957883,1.477599,2.190060,3.119242,4.269421,5.616938,7.105273,8.646522,10.132075,11.451232,12.517097,13.293550,13.817641,14.210931,14.673838,15.461782,16.842813,19.044044,22.194424,26.274403,31.090656,36.274002,41.320988,45.663239,48.758339,50.187260,49.726772,47.390312,43.419582,38.236038,32.356987,26.311621,20.558191,15.433251,11.132390,7.714906,5.137077,3.286489,2.020046,1.193035,0.676921,0.369037,0.193300,0.097276,0.047043,0.021869,0.009807,0.004332,0.002120,0.001699,0.002760,0.006005,0.013452,0.029285,0.061355,0.123552,0.239044,0.444360,0.793671,1.361877,2.245424,3.556888,5.413411,7.916121,11.121384,15.012573,19.470161,24.261227,29.046246,33.410686,36.924744,39.207970,40.000000,39.207851,36.924744,33.410686,29.045891,24.261227,19.469805,15.012573,11.121384,7.915905,5.413411,3.556769,2.245424,1.361877,0.793637,0.444360,0.239032,0.123551,0.061351,0.029272,0.013419,0.005910,0.002501,0.001017,0.000397,0.000149,0.000054,0.000019,0.000006,0.000002,0.000001,0.000000,0.000000,0.000000,0.000000,0.000000,0.000000,0.000000,0.000000,0.000000,0.000000,0.000000,0.000000,0.000000,0.000000,0.000000,0.000000,0.000000,0.000000,0.000000,0.000000,0.000000,0.000000,0.000000,0.000000,0.000000,0.000000,0.000000,0.000000,0.000000,0.000000,0.000000,0.000000,0.000000,0.000000,0.000000,0.000000,0.000000,0.000000,0.000000,0.000000,0.000000,0.000000,0.000000,0.000000,0.000000,0.000000,0.000000,0.000000,0.000000,0.000000,0.000000,0.000000,0.000000,0.000000,0.000000,0.000000,0.000000,0.000000,0.000000,0.000000,0.000000,0.000000,0.000000,0.000000,0.000000,0.000000,0.000000,0.000000,0.000000
I11=0.000000,0.000000,0.000000,0.000000,0.000000,0.000000,0.000000,0.000000,0.000000,0.000000,0.000000,0.000000,0.000000,0.000000,0.000000,0.000000,0.000000,0.000000,0.000000,0.000000,0.000001,0.000002,0.000006,0.000017,0.000050,0.000140,0.000372,0.000953,0.002345,0.005541,0.012580,0.027443,0.057518,0.115826,0.224100,0.416587,0.744043,1.276785,2.105046,3.334555,5.075073,7.421212,10.426424,14.074135,18.253193,22.744900,27.230606,31.322662,34.616840,36.757442,37.500000,36.757442,34.616840,31.322662,27.230606,22.744900,18.253193,14.074135,10.426424,7.421212,5.075073,3.334555,2.105046,1.276785,0.744043,0.416587,0.224100,0.115826,0.057518,0.027443,0.012580,0.005541,0.002345,0.000953,0.000372,0.000140,0.000050,0.000017,0.000006,0.000002,0.000001,0.000000,0.000000,0.000000,0.000000,0.000000,0.000000,0.000000,0.000001,0.000004,0.000012,0.000036,0.000097,0.000256,0.000646,0.001568,0.003657,0.008194,0.017638,0.036479,0.072486,0.138389,0.253850,0.447379,0.757553,1.232460,1.926504,2.893365,4.175183,5.789025,7.712562,9.873957,12.148676,14.367885,16.339022,17.875610,18.832092,19.133970,18.796728,17.927057,16.705505,15.353234,14.090840,13.097621,12.480230,12.257163,12.361056,12.658001,12.978711,13.154781,13.052375,12.597058,11.785794,10.685646,9.421710,8.159656,7.087081,6.398565,6.284291,6.920703,8.458805,11.006602,14.603630,19.191128,24.585720,30.465399,36.382175,41.802158,46.174961,49.019112,50.004192,49.011776,46.156578,41.763885,36.307533,30.326685,24.337851,18.766066,13.903076,9.897313,6.771597,4.455299,2.823651,1.732188,1.042558,0.637610,0.427225,0.347303,0.354983,0.422398,0.530662,0.665036,0.811757,0.956559,1.084782,1.182635,1.239005,1.247249,1.206344,1.121043,1.000933,0.858666,0.707768,0.560611,0.426893,0.312942,0.221871,0.154433,0.110411,0.090337,0.097481,0.140052,0.233524,0.402849,0.684023,1.124197,1.779125,2.707032,3.958162,5.560863,7.506346,9.735291,12.131313,14.524637,16.708961,18.469841,19.619312,20.030107,19.660677,18.564981,16.883955,14.821338,12.609497,10.473622,8.600784,7.119217,6.089931,5.508792,5.316910,5.415884,5.685569,6.002013,6.253869,6.355649,6.256460,5.942918,5.436066,4.783121,4.046080,3.289492,2.569951,1.929247,1.391533,0.964355,0.642125,0.410804,0.252511,0.149123,0.084613,0.046129,0.024163,0.012163,0.005891,0.002766,0.001320,0.000802,0.000960,0.001992,0.004722,0.011093,0.025164,0.054886,0.115037,0.231659,0.448206,0.833175,1.488069,2.553569,4.210169,6.669165,10.150146,14.842321,20.852848,28.148575,36.506554,45.489799,54.461048,62.645325,69.233894,73.514946,75.000000,73.514946,69.233681,62.645035,54.461048,45.489799,36.506554,28.148270,20.852594,14.842321,10.150146,6.669165,4.210092,2.553519,1.488069,0.833175,0.448206,0.231653,0.115034,0.054887,0.025167,0.011101,0.004744,0.002051,0.001111,0.001168,0.002173,0.004678,0.010007,0.020675,0.041076,0.078419,0.143846,0.253514,0.429266,0.698362,1.091597,1.639381,2.365510,3.279382,4.368053,5.590011,6.873362,8.119946,9.216430,10.050811,10.530967,10.601417,10.253850,9.528817,8.507849,7.298381,6.015397,4.763555,3.624292,2.649434,1.860907,1.256035,0.815040,0.509333,0.308542,0.185503,0.119430,0.097514,0.115745,0.179426,0.303642,0.513438,0.843202,1.334327,2.030228,2.968581,4.170598,5.629664,7.301314,9.097960,10.892276,12.529065,13.846737,14.702990,15.000000,14.702967,13.846737,12.529065,10.892209,9.097960,7.301243,5.629654,4.170569,2.968464,2.030029,1.333811,0.842018,0.510714,0.297614,0.166635,0.089639,0.046331,0.023007,0.010977,0.005032,0.002216,0.000938,0.000381,0.000149,0.000056,0.000020,0.000007,0.000002,0.000001,0.000000,0.000001,0.000002,0.000005,0.000013,0.000037,0.000099,0.000254,0.000625,0.001478,0.003355,0.007318,0.015338,0.030887,0.059761,0.111090,0.198413,0.340476,0.561346,0.889222,1.353353,1.979003,2.780380,3.753103,4.867540,6.065307,7.261519,8.352716,9.231177,9.802046,10.000149,9.802375,9.232175,8.355210,7.267383,6.078725,4.896768,3.814456,2.903928,2.218019,1.797713,1.682861,1.923249,2.585858,3.755297,5.524501,7.975772,11.152406,15.027749,19.477480,24.264582,29.047546,33.411465,36.924889,39.208069,40.000038,39.207928,36.924637,33.410839,29.045891,24.261227,19.469982,15.012411,11.121519,7.915905,5.413411,3.556829,2.245382,1.361904,0.793637,0.444360,0.239037,0.123548,0.061353,0.029272,0.013419,0.005910,0.002501,0.001017,0.000397,0.000149,0.000054,0.000020,0.000009,0.000010,0.000023,0.000059,0.000145,0.000348,0.000801,0.001771,0.003762,0.007678,0.015054,0.028360,0.051332,0.089272,0.149164,0.239471,0.369400,0.547515,0.779810,1.067355,1.404234,1.776318,2.161630,2.533019,2.862808,3.129274,3.323387,3.454410,3.552733,3.668459,3.865446,4.210703,4.761011,5.548606,6.568601,7.772664,9.068501,10.330247,11.415810,12.189585,12.546815,12.431693,11.847578,10.854896,9.559010,8.089247,6.577905,5.139548,3.858313,2.783098,1.928726,1.284269,0.821622,0.505011,0.298259,0.169230,0.092259,0.048325,0.024319,0.011761,0.005467,0.002452,0.001083,0.000530,0.000425,0.000690,0.001501,0.003363,0.007321,0.015339,0.030888,0.059761,0.111090,0.198418,0.340469,0.561356,0.889222,1.353353,1.979030,2.780346,3.753143,4.867540,6.065307,7.261561,8.352672,9.231186,9.801992,10.000000,9.801963,9.231186,8.352672,7.261473,6.065307,4.867451,3.753143,2.780346,1.978976,1.353353,0.889192,0.561356,0.340469,0.198409,0.111090,0.059758,0.030888,0.015338,0.007318,0.003355,0.001477,0.000625,0.000254,0.000099,0.000037,0.000013,0.000005,0.000002,0.000000,0.000000,0.000000,0.000000,0.000000,0.000000,0.000000,0.000000,0.000000,0.000000,0.000000,0.000000,0.000000,0.000000,0.000000,0.000000,0.000000,0.000000,0.000000,0.000000,0.000000,0.000000,0.000000,0.000000,0.000000,0.000000,0.000000,0.000000,0.000000,0.000000,0.000000,0.000000,0.000000,0.000000,0.000000,0.000000,0.000000,0.000000,0.000000,0.000000,0.000000,0.000000,0.000000,0.000000,0.000000,0.000000,0.000000,0.000000,0.000000,0.000000,0.000000,0.000000,0.000000,0.000000,0.000000,0.000000,0.000000,0.000000,0.000000,0.000000,0.000000,0.000000,0.000000,0.000000,0.000000,0.000000,0.000000,0.000000,0.000000,0.000000,0.000000
I12=0.000000,0.000000,0.000000,0.000000,0.000000,0.000000,0.000000,0.000000,0.000000,0.000000,0.000000,0.000000,0.000000,0.000000,0.000000,0.000000,0.000000,0.000000,0.000000,0.000000,0.000001,0.000002,0.000008,0.000023,0.000067,0.000186,0.000496,0.001271,0.003126,0.007387,0.016773,0.036590,0.076691,0.154435,0.298800,0.555450,0.992057,1.702379,2.806728,4.446073,6.766764,9.894949,13.901898,18.765514,24.337589,30.326534,36.307476,41.763550,46.155788,49.009926,50.000000,49.009926,46.155788,41.763550,36.307476,30.326534,24.337589,18.765514,13.901898,9.894949,6.766764,4.446073,2.806728,1.702379,0.992057,0.555450,0.298800,0.154435,0.076691,0.036590,0.016773,0.007387,0.003126,0.001271,0.000496,0.000186,0.000067,0.000023,0.000008,0.000002,0.000001,0.000000,0.000000,0.000000,0.000000,0.000000,0.000000,0.000001,0.000002,0.000006,0.000017,0.000047,0.000130,0.000341,0.000862,0.002091,0.004876,0.010925,0.023517,0.048639,0.096648,0.184518,0.338464,0.596497,1.010048,1.643218,2.568506,3.857396,5.565869,7.716238,10.277824,13.153079,16.172672,19.105701,21.685760,23.648996,24.778770,24.944502,24.126730,22.420706,20.018417,17.172659,14.153811,11.208293,8.527651,6.233792,4.378253,2.954456,1.915517,1.193205,0.714135,0.410648,0.226875,0.120431,0.061419,0.030096,0.014169,0.006409,0.002785,0.001163,0.000467,0.000180,0.000067,0.000024,0.000008,0.000003,0.000001,0.000000,0.000000,0.000000,0.000000,0.000000,0.000000,0.000000,0.000000,0.000000,0.000000,0.000000,0.000000,0.000000,0.000000,0.000000,0.000000,0.000000,0.000000,0.000000,0.000000,0.000000,0.000000,0.000000,0.000000,0.000000,0.000000,0.000000,0.000000,0.000000,0.000000,0.000000,0.000000,0.000000,0.000001,0.000002,0.000008,0.000023,0.000067,0.000186,0.000496,0.001271,0.003126,0.007388,0.016773,0.036590,0.076691,0.154439,0.298804,0.555450,0.992046,1.702379,2.806779,4.446110,6.766764,9.894880,13.901898,18.765717,24.337702,30.326534,36.307365,41.763550,46.155930,49.009964,50.000000,49.009964,46.155788,41.763355,36.307365,30.326534,24.337702,18.765514,13.901730,9.894880,6.766765,4.446113,2.806736,1.702369,0.992113,0.555636,0.299300,0.155706,0.079815,0.043977,0.033546,0.043977,0.079817,0.155710,0.299300,0.555636,0.992113,1.702403,2.806787,4.446113,6.766765,9.894880,13.901898,18.765717,24.337702,30.326534,36.307365,41.763550,46.155930,49.009964,50.000000,49.009964,46.155788,41.763355,36.307365,30.326534,24.337702,18.765514,13.901730,9.894880,6.766764,4.446110,2.806728,1.702346,0.992046,0.555450,0.298804,0.154435,0.076689,0.036590,0.016773,0.007388,0.003126,0.001271,0.000496,0.000186,0.000067,0.000023,0.000008,0.000002,0.000001,0.000000,0.000000,0.000000,0.000000,0.000000,0.000000,0.000000,0.000001,0.000003,0.000008,0.000024,0.000065,0.000171,0.000431,0.001046,0.002438,0.005463,0.011759,0.024319,0.048324,0.092257,0.169230,0.298252,0.505019,0.821602,1.284232,1.928684,2.782953,3.858097,5.138886,6.576483,8.086308,9.552877,10.842859,11.824484,12.389372,12.472254,12.063353,11.210373,10.009234,8.586330,7.076938,5.604183,4.263876,3.116990,2.189325,1.477748,0.959017,0.599563,0.363780,0.219960,0.144115,0.121990,0.150232,0.237228,0.403912,0.684156,1.124084,1.779026,2.706940,3.958099,5.560801,7.506241,9.735151,12.130800,14.523531,16.706690,18.465443,19.611372,20.016773,19.640547,18.539007,16.859854,14.821750,12.686063,10.727058,9.208585,8.367487,8.404062,9.473470,11.673431,15.024590,19.446466,24.734520,30.548714,36.427105,41.825325,46.186466,49.024601,50.006710,49.012844,46.157040,41.764057,36.307564,30.326609,24.337505,18.765524,13.901901,9.894881,6.766765,4.446036,2.806728,1.702379,0.992046,0.555450,0.298797,0.154435,0.076691,0.036590,0.016773,0.007387,0.003126,0.001271,0.000496,0.000186,0.000067,0.000023,0.000008,0.000002,0.000001,0.000000,0.000000,0.000000,0.000000,0.000000,0.000000,0.000000,0.000000,0.000000,0.000000,0.000000,0.000000,0.000000,0.000000,0.000000,0.000000,0.000000,0.000000,0.000000,0.000000,0.000000,0.000000,0.000000,0.000000,0.000000,0.000000,0.000000,0.000000,0.000002,0.000005,0.000015,0.000044,0.000121,0.000323,0.000826,0.002032,0.004802,0.010903,0.023784,0.049849,0.100385,0.194223,0.361042,0.644844,1.106547,1.824407,2.889971,4.398396,6.431761,9.036234,12.197716,15.819506,19.712246,23.599930,27.146307,30.001354,31.856476,32.500000,31.856428,30.001263,27.146181,23.599787,19.712246,15.819361,12.197584,9.036124,6.431673,4.398396,2.889923,1.824373,1.106525,0.644830,0.361042,0.194218,0.100383,0.049848,0.023783,0.010903,0.004802,0.002032,0.000826,0.000323,0.000121,0.000044,0.000015,0.000005,0.000002,0.000000,0.000000,0.000000,0.000000,0.000000,0.000000,0.000000,0.000000,0.000000,0.000000,0.000000,0.000000,0.000000,0.000000,0.000000,0.000000,0.000000,0.000000,0.000000,0.000000,0.000000,0.000000,0.000000,0.000000,0.000000,0.000000,0.000000,0.000000,0.000000,0.000001,0.000004,0.000012,0.000034,0.000093,0.000248,0.000636,0.001563,0.003694,0.008387,0.018295,0.038347,0.077219,0.149402,0.277738,0.496023,0.851207,1.403391,2.223058,3.383492,4.947459,6.951085,9.382985,12.169164,15.164237,18.155359,20.885529,23.085634,24.520426,25.029882,24.560528,23.177034,21.051918,18.434361,15.607661,12.845528,10.372172,8.341072,6.824012,5.817094,5.255709,5.034119,5.027547,5.111616,5.178724,5.149402,4.978197,4.653909,4.194631,3.639078,3.036347,2.435289,1.877167,1.390421,0.989554,0.676710,0.444608,0.280671,0.170236,0.099201,0.055545,0.029879,0.015443,0.007669,0.003659,0.001677,0.000739,0.000313,0.000127,0.000050,0.000019,0.000007,0.000002,0.000001,0.000000,0.000000,0.000000,0.000000,0.000000,0.000000,0.000000,0.000000,0.000000,0.000000,0.000000,0.000000,0.000000,0.000000,0.000000,0.000000,0.000000,0.000000,0.000000,0.000000,0.000000,0.000000,0.000000,0.000000,0.000000,0.000000,0.000000,0.000000,0.000000,0.000000,0.000000,0.000000,0.000000,0.000000,0.000000,0.000000,0.000000,0.000000,0.000000,0.000000,0.000000,0.000000,0.000000,0.000000,0.000000,0.000000,0.000000,0.000000,0.000000,0.000000,0.000000,0.000000,0.000000,0.000000,0.000000,0.000000,0.000000,0.000000,0.000000
I13=0.000000,0.000000,0.000000,0.000000,0.000000,0.000000,0.000000,0.000000,0.000000,0.000000,0.000000,0.000000,0.000000,0.000000,0.000000,0.000000,0.000000,0.000000,0.000000,0.000000,0.000001,0.000004,0.000012,0.000035,0.000101,0.000279,0.000745,0.001906,0.004689,0.011081,0.025160,0.054885,0.115036,0.231653,0.448201,0.833175,1.488085,2.553569,4.210092,6.669110,10.150146,14.842423,20.852848,28.148270,36.506386,45.489799,54.461212,62.645325,69.233681,73.514885,75.000000,73.514885,69.233681,62.645325,54.461212,45.489799,36.506386,28.148270,20.852848,14.842423,10.150146,6.669110,4.210092,2.553569,1.488085,0.833175,0.448201,0.231653,0.115036,0.054885,0.025160,0.011081,0.004689,0.001906,0.000745,0.000279,0.000101,0.000035,0.000012,0.000004,0.000001,0.000000,0.000000,0.000000,0.000000,0.000000,0.000000,0.000001,0.000003,0.000008,0.000025,0.000071,0.000195,0.000512,0.001292,0.003137,0.007315,0.016388,0.035276,0.072958,0.144973,0.276779,0.507699,0.894758,1.515105,2.464920,3.853008,5.786729,8.350367,11.578051,15.425124,19.747913,24.297352,28.735769,32.678043,35.751221,37.664185,38.267941,37.593456,35.854115,33.411011,30.706463,28.181665,26.195196,24.960327,24.513954,24.721119,25.313459,25.951170,26.294788,26.071203,25.120935,23.418207,21.062422,18.245811,15.208411,12.190048,9.392371,6.955127,4.949185,3.384082,2.223306,1.403464,0.851225,0.496035,0.277729,0.149402,0.077218,0.038346,0.018295,0.008388,0.003698,0.001576,0.000670,0.000334,0.000302,0.000521,0.001104,0.002356,0.004865,0.009665,0.018452,0.033846,0.059650,0.101003,0.164320,0.256849,0.385737,0.556587,0.771615,1.027777,1.315297,1.617261,1.910576,2.168572,2.364897,2.477875,2.494451,2.412671,2.242074,2.001847,1.717277,1.415387,1.120824,0.852770,0.623383,0.437832,0.295448,0.191550,0.119322,0.071414,0.041066,0.022688,0.012043,0.006142,0.003011,0.001421,0.000653,0.000312,0.000206,0.000280,0.000600,0.001399,0.003207,0.007086,0.015049,0.030710,0.060216,0.113442,0.205328,0.357071,0.596608,0.957767,1.477263,2.189158,3.116916,4.263850,5.604174,7.076992,8.586386,10.009234,11.210373,12.063377,12.472260,12.389372,11.824484,10.842859,9.552824,8.086249,6.576483,5.138886,3.858097,2.782916,1.928655,1.284232,0.821602,0.505019,0.298246,0.169226,0.092257,0.048324,0.024319,0.011759,0.005462,0.002438,0.001046,0.000431,0.000171,0.000065,0.000024,0.000008,0.000003,0.000001,0.000000,0.000000,0.000000,0.000000,0.000000,0.000000,0.000000,0.000000,0.000000,0.000000,0.000000,0.000000,0.000000,0.000000,0.000000,0.000000,0.000000,0.000000,0.000000,0.000000,0.000000,0.000000,0.000000,0.000000,0.000000,0.000000,0.000000,0.000000,0.000000,0.000000,0.000000,0.000000,0.000000,0.000000,0.000000,0.000002,0.000005,0.000014,0.000040,0.000110,0.000290,0.000732,0.001778,0.004145,0.009286,0.019990,0.041343,0.082150,0.156837,0.287691,0.507028,0.858533,1.396723,2.183195,3.278762,4.731019,6.558764,8.736107,11.180021,13.746723,16.239891,18.432859,20.101622,21.061934,21.202833,20.507700,19.057634,17.015697,14.596762,12.030794,9.527109,7.248585,5.298868,3.721813,2.512070,1.630079,1.018666,0.617085,0.371005,0.238861,0.195029,0.231490,0.358852,0.607284,1.026875,1.686404,2.668655,4.060455,5.937163,8.341195,11.259328,14.602628,18.195921,21.784552,25.058130,27.693474,29.405979,30.000000,29.405933,27.693474,25.058130,21.784418,18.195919,14.602487,11.259308,8.341139,5.936928,4.060059,2.667622,1.684037,1.021428,0.595228,0.333270,0.179278,0.092661,0.046015,0.021954,0.010064,0.004432,0.001876,0.000763,0.000298,0.000112,0.000040,0.000014,0.000005,0.000002,0.000001,0.000001,0.000003,0.000009,0.000027,0.000075,0.000199,0.000508,0.001250,0.002955,0.006709,0.014636,0.030676,0.061774,0.119522,0.222180,0.396827,0.680952,1.122691,1.778444,2.706706,3.958006,5.560760,7.506206,9.735081,12.130613,14.523034,16.705420,18.462317,19.603985,20.000000,19.603956,18.462317,16.705420,14.522945,12.130613,9.734991,7.506206,5.560760,3.957952,2.706706,1.778414,1.122691,0.680952,0.396818,0.222180,0.119519,0.061774,0.030676,0.014636,0.006709,0.002955,0.001250,0.000508,0.000199,0.000075,0.000027,0.000009,0.000003,0.000001,0.000000,0.000000,0.000000,0.000000,0.000000,0.000000,0.000000,0.000000,0.000000,0.000000,0.000000,0.000000,0.000000,0.000000,0.000000,0.000000,0.000000,0.000000,0.000000,0.000000,0.000000,0.000001,0.000002,0.000006,0.000017,0.000045,0.000117,0.000291,0.000696,0.001602,0.003542,0.007524,0.015355,0.030108,0.056720,0.102665,0.178544,0.298328,0.478942,0.738800,1.095030,1.559621,2.134710,2.808469,3.552637,4.323261,5.066038,5.725616,6.258549,6.646775,6.908821,7.105465,7.336919,7.730891,8.421407,9.522022,11.097212,13.137201,15.545328,18.137001,20.660494,22.831619,24.379169,25.093630,24.863386,23.695156,21.709791,19.118019,16.178493,13.155810,10.279096,7.716626,5.566195,3.857453,2.568539,1.643244,1.010023,0.596518,0.338461,0.184519,0.096650,0.048638,0.023522,0.010935,0.004903,0.002166,0.001060,0.000849,0.001380,0.003002,0.006726,0.014642,0.030677,0.061776,0.119522,0.222180,0.396836,0.680938,1.122712,1.778444,2.706706,3.958061,5.560692,7.506287,9.735081,12.130613,14.523123,16.705343,18.462372,19.603985,20.000000,19.603926,18.462372,16.705343,14.522945,12.130613,9.734902,7.506287,5.560692,3.957952,2.706706,1.778385,1.122712,0.680938,0.396818,0.222180,0.119516,0.061776,0.030676,0.014636,0.006709,0.002955,0.001250,0.000508,0.000199,0.000075,0.000027,0.000009,0.000003,0.000001,0.000000,0.000000,0.000000,0.000000,0.000000,0.000000,0.000000,0.000000,0.000000,0.000000,0.000000,0.000000,0.000000,0.000000,0.000000,0.000000,0.000000,0.000000,0.000000,0.000000,0.000000,0.000000,0.000000,0.000000,0.000000,0.000000,0.000000,0.000000,0.000000,0.000000,0.000000,0.000000,0.000000,0.000000,0.000000,0.000000,0.000000,0.000000,0.000000,0.000000,0.000000,0.000000,0.000000,0.000000,0.000000,0.000000,0.000000,0.000000,0.000000,0.000000,0.000000,0.000000,0.000000,0.000000,0.000000,0.000000,0.000000,0.000000,0.000000,0.000000,0.000000,0.000000,0.000000,0.000000,0.000000,0.000000,0.000000,0.000000,0.000000,0.000000
I14=0.000000,0.000000,0.000000,0.000000,0.000000,0.000000,0.000000,0.000000,0.000000,0.000000,0.000000,0.000000,0.000000,0.000000,0.000000,0.000000,0.000000,0.000000,0.000000,0.000000,0.000001,0.000004,0.000012,0.000035,0.000101,0.000279,0.000745,0.001906,0.004689,0.011081,0.025160,0.054885,0.115036,0.231653,0.448201,0.833175,1.488085,2.553569,4.210092,6.669110,10.150146,14.842423,20.852848,28.148270,36.506386,45.489799,54.461212,62.645325,69.233681,73.514885,75.000000,73.514885,69.233681,62.645325,54.461212,45.489799,36.506386,28.148270,20.852848,14.842423,10.150146,6.669110,4.210092,2.553569,1.488085,0.833175,0.448201,0.231653,0.115036,0.054885,0.025160,0.011081,0.004689,0.001906,0.000745,0.000279,0.000101,0.000035,0.000012,0.000004,0.000001,0.000000,0.000000,0.000000,0.000000,0.000000,0.000000,0.000001,0.000003,0.000008,0.000025,0.000071,0.000195,0.000512,0.001292,0.003137,0.007315,0.016388,0.035276,0.072958,0.144973,0.276777,0.507696,0.894746,1.515072,2.464827,3.852759,5.786094,8.348804,11.574357,15.416738,19.729618,24.259007,28.658552,32.528641,35.473495,37.168156,37.416752,36.190094,33.631058,30.027628,25.758987,21.230717,16.812439,12.791476,9.350688,6.567380,4.431684,2.873275,1.789807,1.071203,0.615972,0.340313,0.180646,0.092129,0.045145,0.021254,0.009614,0.004178,0.001745,0.000700,0.000270,0.000100,0.000036,0.000012,0.000004,0.000001,0.000000,0.000000,0.000000,0.000000,0.000000,0.000000,0.000000,0.000000,0.000000,0.000000,0.000000,0.000000,0.000000,0.000000,0.000000,0.000000,0.000000,0.000000,0.000000,0.000000,0.000000,0.000000,0.000000,0.000000,0.000000,0.000000,0.000000,0.000000,0.000000,0.000000,0.000000,0.000000,0.000000,0.000000,0.000001,0.000004,0.000012,0.000034,0.000093,0.000248,0.000635,0.001563,0.003694,0.008387,0.018295,0.038345,0.077219,0.149402,0.277725,0.496023,0.851190,1.403390,2.223055,3.383382,4.947440,6.950949,9.382858,12.168851,15.163267,18.153683,20.881775,23.077965,24.504982,25.000000,24.504982,23.077894,20.881678,18.153683,15.163267,12.168851,9.382757,6.950865,4.947440,3.383383,2.223056,1.403368,0.851184,0.496057,0.277818,0.149650,0.077853,0.039908,0.021989,0.016773,0.021989,0.039909,0.077855,0.149650,0.277818,0.496057,0.851201,1.403394,2.223056,3.383383,4.947440,6.950949,9.382858,12.168851,15.163267,18.153683,20.881775,23.077965,24.504982,25.000000,24.504982,23.077894,20.881678,18.153683,15.163267,12.168851,9.382757,6.950865,4.947440,3.383382,2.223055,1.403364,0.851173,0.496023,0.277725,0.149402,0.077218,0.038344,0.018295,0.008387,0.003694,0.001563,0.000635,0.000248,0.000093,0.000034,0.000012,0.000004,0.000001,0.000000,0.000000,0.000000,0.000000,0.000000,0.000000,0.000000,0.000000,0.000001,0.000004,0.000012,0.000036,0.000097,0.000256,0.000646,0.001568,0.003657,0.008194,0.017638,0.036479,0.072485,0.138385,0.253845,0.447378,0.757529,1.232403,1.926348,2.893026,4.174429,5.787145,7.708329,9.864724,12.129461,14.329316,16.264288,17.736725,18.584059,18.708382,18.095030,16.815559,15.013851,12.879496,10.615407,8.406275,6.395815,4.675485,3.283988,2.216622,1.438526,0.899345,0.545671,0.329940,0.216173,0.182985,0.225348,0.355842,0.605867,1.026235,1.686126,2.668538,4.060409,5.937146,8.341192,11.259337,14.602660,18.196014,21.784800,25.058765,27.695036,29.409674,30.008387,29.424229,27.731819,25.135347,21.933821,18.473644,15.098520,12.110497,9.744503,8.159984,7.443440,7.615130,8.634986,10.404184,12.764078,15.496537,18.333071,20.974436,23.123909,24.526936,25.010063,24.509377,23.079769,20.882538,18.153980,15.163379,12.168779,9.382771,6.950954,4.947442,3.383383,2.223018,1.403364,0.851190,0.496023,0.277725,0.149398,0.077218,0.038345,0.018295,0.008387,0.003694,0.001563,0.000635,0.000248,0.000093,0.000034,0.000012,0.000004,0.000001,0.000000,0.000000,0.000000,0.000000,0.000000,0.000000,0.000000,0.000000,0.000000,0.000000,0.000000,0.000000,0.000000,0.000000,0.000000,0.000000,0.000000,0.000000,0.000000,0.000000,0.000000,0.000000,0.000000,0.000000,0.000000,0.000000,0.000000,0.000000,0.000000,0.000001,0.000003,0.000008,0.000022,0.000061,0.000161,0.000413,0.001016,0.002401,0.005451,0.011892,0.024925,0.050193,0.097111,0.180521,0.322422,0.553273,0.912203,1.444986,2.199198,3.215880,4.518117,6.098858,7.909753,9.856123,11.799965,13.573153,15.000677,15.928238,16.250000,15.928214,15.000631,13.573091,11.799893,9.856123,7.909680,6.098792,4.518062,3.215836,2.199198,1.444962,0.912187,0.553262,0.322415,0.180521,0.097109,0.050191,0.024924,0.011892,0.005451,0.002401,0.001016,0.000413,0.000161,0.000061,0.000022,0.000008,0.000003,0.000001,0.000000,0.000000,0.000000,0.000000,0.000000,0.000000,0.000000,0.000000,0.000000,0.000000,0.000000,0.000000,0.000000,0.000000,0.000000,0.000000,0.000000,0.000000,0.000000,0.000000,0.000000,0.000000,0.000000,0.000000,0.000000,0.000000,0.000000,0.000000,0.000000,0.000001,0.000002,0.000006,0.000017,0.000047,0.000124,0.000318,0.000782,0.001847,0.004194,0.009147,0.019173,0.038610,0.074701,0.138869,0.248012,0.425603,0.701695,1.111529,1.691746,2.473729,3.475542,4.691493,6.084582,7.582119,9.077680,10.442764,11.542817,12.260213,12.514941,12.280264,11.588517,10.525959,9.217180,7.803831,6.422764,5.186086,4.170536,3.412006,2.908547,2.627854,2.517059,2.513773,2.555808,2.589362,2.574701,2.489099,2.326955,2.097315,1.819539,1.518174,1.217644,0.938583,0.695211,0.494777,0.338355,0.222304,0.140336,0.085118,0.049600,0.027773,0.014939,0.007722,0.003834,0.001829,0.000839,0.000369,0.000156,0.000064,0.000025,0.000009,0.000003,0.000001,0.000000,0.000000,0.000000,0.000000,0.000000,0.000000,0.000000,0.000000,0.000000,0.000000,0.000000,0.000000,0.000000,0.000000,0.000000,0.000000,0.000000,0.000000,0.000000,0.000000,0.000000,0.000000,0.000000,0.000000,0.000000,0.000000,0.000000,0.000000,0.000000,0.000000,0.000000,0.000000,0.000000,0.000000,0.000000,0.000000,0.000000,0.000000,0.000000,0.000000,0.000000,0.000000,0.000000,0.000000,0.000000,0.000000,0.000000,0.000000,0.000000,0.000000,0.000000,0.000000,0.000000,0.000000,0.000000,0.000000,0.000000,0.000000,0.000000,0.000000
I15=0.000000,0.000000,0.000000,0.000000,0.000000,0.000000,0.000000,0.000000,0.000000,0.000000,0.000000,0.000000,0.000000,0.000000,0.000000,0.000000,0.000000,0.000000,0.000000,0.000000,0.000002,0.000005,0.000015,0.000047,0.000134,0.000373,0.000993,0.002542,0.006252,0.014775,0.033546,0.073180,0.153382,0.308870,0.597601,1.110900,1.984114,3.404759,5.613456,8.892146,13.533528,19.789898,27.803797,37.531029,48.675179,60.653069,72.614952,83.527100,92.311577,98.019852,100.000000,98.019852,92.311577,83.527100,72.614952,60.653069,48.675179,37.531029,27.803797,19.789898,13.533528,8.892146,5.613456,3.404759,1.984114,1.110900,0.597601,0.308870,0.153382,0.073180,0.033546,0.014775,0.006252,0.002542,0.000993,0.000373,0.000134,0.000047,0.000015,0.000005,0.000002,0.000000,0.000000,0.000000,0.000000,0.000000,0.000000,0.000001,0.000004,0.000011,0.000033,0.000095,0.000259,0.000682,0.001723,0.004182,0.009753,0.021851,0.047035,0.097278,0.193297,0.369037,0.676928,1.192995,2.020096,3.286436,5.137012,7.714792,11.131738,15.432475,20.555649,26.306158,32.345345,38.211403,43.371521,47.297993,49.557541,49.889004,48.253460,44.841412,40.036835,34.345318,28.307623,22.416586,17.055302,12.467584,8.756506,5.908913,3.831033,2.386410,1.428270,0.821296,0.453750,0.240862,0.122839,0.060193,0.028338,0.012818,0.005571,0.002326,0.000933,0.000360,0.000133,0.000047,0.000016,0.000005,0.000002,0.000001,0.000000,0.000000,0.000000,0.000000,0.000000,0.000000,0.000000,0.000000,0.000000,0.000000,0.000000,0.000000,0.000000,0.000000,0.000000,0.000000,0.000000,0.000000,0.000000,0.000000,0.000000,0.000000,0.000000,0.000000,0.000000,0.000000,0.000000,0.000000,0.000000,0.000000,0.000000,0.000000,0.000000,0.000000,0.000000,0.000000,0.000000,0.000000,0.000000,0.000000,0.000000,0.000000,0.000000,0.000000,0.000000,0.000000,0.000000,0.000000,0.000000,0.000000,0.000000,0.000000,0.000000,0.000000,0.000000,0.000000,0.000000,0.000000,0.000000,0.000000,0.000000,0.000000,0.000000,0.000000,0.000000,0.000000,0.000000,0.000000,0.000000,0.000000,0.000000,0.000000,0.000000,0.000000,0.000000,0.000000,0.000000,0.000000,0.000000,0.000000,0.000000,0.000000,0.000000,0.000000,0.000000,0.000000,0.000000,0.000000,0.000000,0.000000,0.000000,0.000000,0.000000,0.000000,0.000000,0.000000,0.000000,0.000000,0.000000,0.000000,0.000000,0.000000,0.000000,0.000000,0.000000,0.000000,0.000000,0.000000,0.000000,0.000000,0.000000,0.000000,0.000000,0.000000,0.000000,0.000000,0.000000,0.000000,0.000000,0.000000,0.000000,0.000000,0.000000,0.000000,0.000000,0.000000,0.000000,0.000000,0.000000,0.000000,0.000000,0.000000,0.000000,0.000000,0.000000,0.000000,0.000000,0.000000,0.000000,0.000001,0.000002,0.000006,0.000017,0.000047,0.000130,0.000341,0.000862,0.002091,0.004876,0.010925,0.023518,0.048638,0.096647,0.184514,0.338460,0.596504,1.010038,1.643204,2.568465,3.857368,5.565906,7.716193,10.277772,13.152966,16.172615,19.105755,21.685719,23.648968,24.778744,24.944508,24.126705,22.420746,20.018469,17.172661,14.153876,11.208366,8.527753,6.233981,4.378650,2.955496,1.918035,1.199126,0.727561,0.439921,0.288231,0.243980,0.300464,0.474457,0.807823,1.368313,2.248168,3.558051,5.413878,7.916193,11.121586,15.012435,19.470169,24.261229,29.046068,33.410839,36.924633,39.207970,40.000000,39.207912,36.924633,33.410839,29.045891,24.261227,19.469982,15.012411,11.121519,7.915905,5.413411,3.556829,2.245382,1.361904,0.793637,0.444360,0.239037,0.123548,0.061353,0.029272,0.013419,0.005910,0.002501,0.001017,0.000397,0.000149,0.000054,0.000019,0.000006,0.000002,0.000001,0.000000,0.000000,0.000000,0.000000,0.000000,0.000000,0.000000,0.000000,0.000000,0.000000,0.000000,0.000000,0.000000,0.000000,0.000000,0.000000,0.000000,0.000000,0.000000,0.000000,0.000000,0.000000,0.000000,0.000000,0.000000,0.000000,0.000000,0.000000,0.000000,0.000000,0.000000,0.000000,0.000000,0.000000,0.000000,0.000000,0.000000,0.000000,0.000000,0.000000,0.000000,0.000000,0.000000,0.000000,0.000000,0.000000,0.000000,0.000000,0.000000,0.000000,0.000000,0.000000,0.000000,0.000000,0.000000,0.000000,0.000000,0.000000,0.000000,0.000000,0.000000,0.000000,0.000000,0.000000,0.000000,0.000000,0.000000,0.000000,0.000000,0.000000,0.000000,0.000000,0.000000,0.000000,0.000000,0.000000,0.000000,0.000000,0.000000,0.000000,0.000000,0.000000,0.000000,0.000000,0.000000,0.000000,0.000000,0.000000,0.000000,0.000000,0.000000,0.000000,0.000000,0.000000,0.000000,0.000000,0.000000,0.000000,0.000000,0.000000,0.000000,0.000000,0.000000,0.000000,0.000000,0.000000,0.000000,0.000000,0.000000,0.000000,0.000000,0.000000,0.000000,0.000000,0.000000,0.000000,0.000000,0.000000,0.000000,0.000000,0.000000,0.000000,0.000000,0.000000,0.000000,0.000000,0.000000,0.000000,0.000000,0.000000,0.000000,0.000000,0.000000,0.000000,0.000000,0.000000,0.000000,0.000000,0.000000,0.000000,0.000000,0.000000,0.000000,0.000000,0.000000,0.000000,0.000000,0.000000,0.000000,0.000000,0.000000,0.000000,0.000000,0.000000,0.000000,0.000000,0.000000,0.000000,0.000000,0.000000,0.000000,0.000000,0.000000,0.000000,0.000000,0.000000,0.000000,0.000000,0.000000,0.000000,0.000000,0.000000,0.000000,0.000000,0.000000,0.000000,0.000000,0.000000,0.000000,0.000000,0.000000,0.000000,0.000000,0.000000,0.000000,0.000000,0.000000,0.000000,0.000000,0.000000,0.000000,0.000000,0.000000,0.000000,0.000000,0.000000,0.000000,0.000000,0.000000,0.000000,0.000000,0.000000,0.000000,0.000000,0.000000,0.000000,0.000000,0.000000,0.000000,0.000000,0.000000,0.000000,0.000000,0.000000,0.000000,0.000000,0.000000,0.000000,0.000000,0.000000,0.000000,0.000000,0.000000,0.000000,0.000000,0.000000,0.000000,0.000000,0.000000,0.000000,0.000000,0.000000,0.000000,0.000000,0.000000,0.000000,0.000000,0.000000,0.000000,0.000000,0.000000,0.000000,0.000000,0.000000,0.000000,0.000000,0.000000,0.000000,0.000000,0.000000,0.000000,0.000000,0.000000,0.000000,0.000000,0.000000,0.000000,0.000000,0.000000,0.000000,0.000000,0.000000,0.000000,0.000000,0.000000,0.000000,0.000000,0.000000,0.000000

P1=[28.000,100.000,1.000],[32.667,10.000,1.000],[37.333,50.000,1.000],[46.667,10.000,1.000],[56.000,80.000,1.000],[63.933,25.000,1.000],[65.333,100.000,1.000],[70.000,80.000,1.000]
P2=[28.000,75.000,1.000],[32.667,7.500,1.000],[36.000,25.000,1.000],[37.333,37.500,1.000],[40.000,25.000,1.000],[46.667,7.500,1.000],[52.000,25.000,1.000],[56.000,60.000,1.000],[60.800,16.250,1.000],[63.933,18.750,1.000],[65.333,75.000,1.000],[69.600,12.500,1.000],[70.000,60.000,1.000],[71.200,2.500,1.000]
P3=[28.000,50.000,1.000],[32.667,5.000,1.000],[36.000,50.000,1.000],[37.333,25.000,1.000],[40.000,50.000,1.000],[46.667,5.000,1.000],[52.000,50.000,1.000],[56.000,40.000,1.000],[60.800,32.500,1.000],[63.933,12.500,1.000],[65.333,50.000,1.000],[69.600,25.000,1.000],[70.000,40.000,1.000],[71.200,5.000,1.000]
P4=[28.000,25.000,1.000],[32.667,2.500,1.000],[36.000,75.000,1.000],[37.333,12.500,1.000],[40.000,75.000,1.000],[46.667,2.500,1.000],[52.000,75.000,1.000],[56.000,20.000,1.000],[60.800,48.750,1.000],[63.933,6.250,1.000],[65.333,25.000,1.000],[69.600,37.500,1.000],[70.000,20.000,1.000],[71.200,7.500,1.000]
P5=[36.000,100.000,1.000],[40.000,100.000,1.000],[52.000,100.000,1.000],[60.800,65.000,1.000],[69.600,50.000,1.000],[71.200,10.000,1.000]
P6=[20.000,25.000,1.000],[26.667,12.500,1.000],[28.000,75.000,1.000],[32.667,7.500,1.000],[37.333,37.500,1.000],[46.667,6.250,1.000],[46.667,7.500,1.000],[50.000,10.000,1.000],[56.000,60.000,1.000],[63.933,18.750,1.000],[65.333,75.000,1.000],[70.000,60.000,1.000]
P7=[20.000,12.500,1.000],[26.667,6.250,1.000],[28.000,37.500,1.000],[30.000,50.000,1.000],[32.667,3.750,1.000],[35.700,20.000,1.000],[37.333,18.750,1.000],[42.000,75.000,1.000],[46.667,3.125,1.000],[46.667,3.750,1.000],[50.000,5.000,1.000],[56.000,30.000,1.000],[58.500,40.000,1.000],[63.933,9.375,1.000],[65.333,37.500,1.000],[70.000,30.000,1.000]
P8=[30.000,100.000,1.000],[35.700,40.000,1.000],[42.000,150.000,1.000],[58.500,80.000,1.000]
P9=[20.000,25.000,1.000],[26.667,12.500,1.000],[36.000,75.000,1.000],[40.000,75.000,1.000],[46.667,6.250,1.000],[50.000,10.000,1.000],[52.000,75.000,1.000],[60.800,48.750,1.000],[69.600,37.500,1.000],[71.200,7.500,1.000]
P10=[20.000,50.000,1.000],[26.667,25.000,1.000],[28.000,50.000,1.000],[32.667,5.000,1.000],[37.333,25.000,1.000],[46.667,12.500,1.000],[46.667,5.000,1.000],[50.000,20.000,1.000],[56.000,40.000,1.000],[63.933,12.500,1.000],[65.333,50.000,1.000],[70.000,40.000,1.000]
P11=[20.000,37.500,1.000],[26.667,18.750,1.000],[28.000,12.500,1.000],[30.000,50.000,1.000],[32.667,1.250,1.000],[35.700,20.000,1.000],[37.333,6.250,1.000],[42.000,75.000,1.000],[46.667,9.375,1.000],[46.667,1.250,1.000],[50.000,15.000,1.000],[56.000,10.000,1.000],[58.500,40.000,1.000],[63.933,3.125,1.000],[65.333,12.500,1.000],[70.000,10.000,1.000]
P12=[20.000,50.000,1.000],[26.667,25.000,1.000],[36.000,50.000,1.000],[40.000,50.000,1.000],[46.667,12.500,1.000],[50.000,20.000,1.000],[52.000,50.000,1.000],[60.800,32.500,1.000],[69.600,25.000,1.000],[71.200,5.000,1.000]
P13=[20.000,75.000,1.000],[26.667,37.500,1.000],[28.000,25.000,1.000],[32.667,2.500,1.000],[37.333,12.500,1.000],[46.667,18.750,1.000],[46.667,2.500,1.000],[50.000,30.000,1.000],[56.000,20.000,1.000],[63.933,6.250,1.000],[65.333,25.000,1.000],[70.000,20.000,1.000]
P14=[20.000,75.000,1.000],[26.667,37.500,1.000],[36.000,25.000,1.000],[40.000,25.000,1.000],[46.667,18.750,1.000],[50.000,30.000,1.000],[52.000,25.000,1.000],[60.800,16.250,1.000],[69.600,12.500,1.000],[71.200,2.500,1.000]
P15=[20.000,100.000,1.000],[26.667,50.000,1.000],[46.667,25.000,1.000],[50.000,40.000,1.000]
