Description=Synthetic type:allife, p:20, n:5, r:50, s:1
UUID=6e65d39f-37a2-4bb9-b183-ee84ba0e446a
Format_Version=1.0

// Metadata
M=3
Elements=Al,Li,Fe
N=15
Composition=CAl,CLi,CFe

// Deposition/Composition data
CAl=0.000,0.000,0.000,0.000,0.000,0.250,0.250,0.250,0.250,0.500,0.500,0.500,0.750,0.750,1.000
CLi=0.000,0.250,0.500,0.750,1.000,0.000,0.250,0.500,0.750,0.000,0.250,0.500,0.000,0.250,0.000
CFe=1.000,0.750,0.500,0.250,0.000,0.750,0.500,0.250,0.000,0.500,0.250,0.000,0.250,0.000,0.000

//Integrated counts data
Q=15.000,15.100,15.200,15.300,15.400,15.500,15.600,15.700,15.800,15.900,16.000,16.100,16.200,16.300,16.400,16.500,16.600,16.700,16.800,16.900,17.000,17.100,17.200,17.300,17.400,17.500,17.600,17.700,17.800,17.900,18.000,18.100,18.200,18.300,18.400,18.500,18.600,18.700,18.800,18.900,19.000,19.100,19.200,19.300,19.400,19.500,19.600,19.700,19.800,19.900,20.000,20.100,20.200,20.300,20.400,20.500,20.600,20.700,20.800,20.900,21.000,21.100,21.200,21.300,21.400,21.500,21.600,21.700,21.800,21.900,22.000,22.100,22.200,22.300,22.400,22.500,22.600,22.700,22.800,22.900,23.000,23.100,23.200,23.300,23.400,23.500,23.600,23.700,23.800,23.900,24.000,24.100,24.200,24.300,24.400,24.500,24.600,24.700,24.800,24.900,25.000,25.100,25.200,25.300,25.400,25.500,25.600,25.700,25.800,25.900,26.000,26.100,26.200,26.300,26.400,26.500,26.600,26.700,26.800,26.900,27.000,27.100,27.200,27.300,27.400,27.500,27.600,27.700,27.800,27.900,28.000,28.100,28.200,28.300,28.400,28.500,28.600,28.700,28.800,28.900,29.000,29.100,29.200,29.300,29.400,29.500,29.600,29.700,29.800,29.900,30.000,30.100,30.200,30.300,30.400,30.500,30.600,30.700,30.800,30.900,31.000,31.100,31.200,31.300,31.400,31.500,31.600,31.700,31.800,31.900,32.000,32.100,32.200,32.300,32.400,32.500,32.600,32.700,32.800,32.900,33.000,33.100,33.200,33.300,33.400,33.500,33.600,33.700,33.800,33.900,34.000,34.100,34.200,34.300,34.400,34.500,34.600,34.700,34.800,34.900,35.000,35.100,35.200,35.300,35.400,35.500,35.600,35.700,35.800,35.900,36.000,36.100,36.200,36.300,36.400,36.500,36.600,36.700,36.800,36.900,37.000,37.100,37.200,37.300,37.400,37.500,37.600,37.700,37.800,37.900,38.000,38.100,38.200,38.300,38.400,38.500,38.600,38.700,38.800,38.900,39.000,39.100,39.200,39.300,39.400,39.500,39.600,39.700,39.800,39.900,40.000,40.100,40.200,40.300,40.400,40.500,40.600,40.700,40.800,40.900,41.000,41.100,41.200,41.300,41.400,41.500,41.600,41.700,41.800,41.900,42.000,42.100,42.200,42.300,42.400,42.500,42.600,42.700,42.800,42.900,43.000,43.100,43.200,43.300,43.400,43.500,43.600,43.700,43.800,43.900,44.000,44.100,44.200,44.300,44.400,44.500,44.600,44.700,44.800,44.900,45.000,45.100,45.200,45.300,45.400,45.500,45.600,45.700,45.800,45.900,46.000,46.100,46.200,46.300,46.400,46.500,46.600,46.700,46.800,46.900,47.000,47.100,47.200,47.300,47.400,47.500,47.600,47.700,47.800,47.900,48.000,48.100,48.200,48.300,48.400,48.500,48.600,48.700,48.800,48.900,49.000,49.100,49.200,49.300,49.400,49.500,49.600,49.700,49.800,49.900,50.000,50.100,50.200,50.300,50.400,50.500,50.600,50.700,50.800,50.900,51.000,51.100,51.200,51.300,51.400,51.500,51.600,51.700,51.800,51.900,52.000,52.100,52.200,52.300,52.400,52.500,52.600,52.700,52.800,52.900,53.000,53.100,53.200,53.300,53.400,53.500,53.600,53.700,53.800,53.900,54.000,54.100,54.200,54.300,54.400,54.500,54.600,54.700,54.800,54.900,55.000,55.100,55.200,55.300,55.400,55.500,55.600,55.700,55.800,55.900,56.000,56.100,56.200,56.300,56.400,56.500,56.600,56.700,56.800,56.900,57.000,57.100,57.200,57.300,57.400,57.500,57.600,57.700,57.800,57.900,58.000,58.100,58.200,58.300,58.400,58.500,58.600,58.700,58.800,58.900,59.000,59.100,59.200,59.300,59.400,59.500,59.600,59.700,59.800,59.900,60.000,60.100,60.200,60.300,60.400,60.500,60.600,60.700,60.800,60.900,61.000,61.100,61.200,61.300,61.400,61.500,61.600,61.700,61.800,61.900,62.000,62.100,62.200,62.300,62.400,62.500,62.600,62.700,62.800,62.900,63.000,63.100,63.200,63.300,63.400,63.500,63.600,63.700,63.800,63.900,64.000,64.100,64.200,64.300,64.400,64.500,64.600,64.700,64.800,64.900,65.000,65.100,65.200,65.300,65.400,65.500,65.600,65.700,65.800,65.900,66.000,66.100,66.200,66.300,66.400,66.500,66.600,66.700,66.800,66.900,67.000,67.100,67.200,67.300,67.400,67.500,67.600,67.700,67.800,67.900,68.000,68.100,68.200,68.300,68.400,68.500,68.600,68.700,68.800,68.900,69.000,69.100,69.200,69.300,69.400,69.500,69.600,69.700,69.800,69.900,70.000,70.100,70.200,70.300,70.400,70.500,70.600,70.700,70.800,70.900,71.000,71.100,71.200,71.300,71.400,71.500,71.600,71.700,71.800,71.900,72.000,72.100,72.200,72.300,72.400,72.500,72.600,72.700,72.800,72.900,73.000,73.100,73.200,73.300,73.400,73.500,73.600,73.700,73.800,73.900,74.000,74.100,74.200,74.300,74.400,74.500,74.600,74.700,74.800,74.900,75.000,75.100,75.200,75.300,75.400,75.500,75.600,75.700,75.800,75.900,76.000,76.100,76.200,76.300,76.400,76.500,76.600,76.700,76.800,76.900,77.000,77.100,77.200,77.300,77.400,77.500,77.600,77.700,77.800,77.900,78.000,78.100,78.200,78.300,78.400,78.500,78.600,78.700,78.800,78.900,79.000,79.100,79.200,79.300,79.400,79.500,79.600,79.700,79.800,79.900
I1=0.000000,0.000000,0.000000,0.000000,0.000000,0.000000,0.000000,0.000000,0.000000,0.000000,0.000000,0.000000,0.000000,0.000000,0.000000,0.000000,0.000000,0.000000,0.000000,0.000000,0.000000,0.000000,0.000000,0.000000,0.000000,0.000000,0.000000,0.000000,0.000000,0.000000,0.000000,0.000000,0.000000,0.000000,0.000000,0.000000,0.000000,0.000000,0.000000,0.000000,0.000000,0.000000,0.000000,0.000000,0.000000,0.000000,0.000000,0.000000,0.000000,0.000000,0.000000,0.000000,0.000000,0.000000,0.000000,0.000000,0.000000,0.000000,0.000000,0.000000,0.000000,0.000000,0.000000,0.000000,0.000000,0.000000,0.000000,0.000000,0.000000,0.000000,0.000000,0.000000,0.000000,0.000000,0.000000,0.000000,0.000000,0.000000,0.000000,0.000000,0.000000,0.000000,0.000000,0.000000,0.000000,0.000000,0.000000,0.000000,0.000000,0.000000,0.000000,0.000000,0.000000,0.000000,0.000000,0.000000,0.000000,0.000000,0.000000,0.000000,0.000000,0.000000,0.000000,0.000000,0.000000,0.000000,0.000000,0.000000,0.000000,0.000000,0.000000,0.000000,0.000000,0.000000,0.000000,0.000000,0.000000,0.000000,0.000000,0.000000,0.000000,0.000000,0.000000,0.000000,0.000000,0.000000,0.000000,0.000000,0.000000,0.000000,0.000000,0.000000,0.000000,0.000000,0.000000,0.000000,0.000000,0.000000,0.000000,0.000000,0.000000,0.000000,0.000000,0.000000,0.000000,0.000000,0.000000,0.000000,0.000000,0.000000,0.000000,0.000000,0.000000,0.000000,0.000000,0.000000,0.000000,0.000000,0.000000,0.000000,0.000000,0.000000,0.000000,0.000000,0.000000,0.000000,0.000000,0.000000,0.000000,0.000000,0.000000,0.000000,0.000000,0.000000,0.000000,0.000000,0.000000,0.000000,0.000000,0.000000,0.000000,0.000000,0.000000,0.000000,0.000000,0.000000,0.000000,0.000000,0.000000,0.000000,0.000000,0.000000,0.000000,0.000000,0.000000,0.000000,0.000000,0.000000,0.000000,0.000000,0.000000,0.000000,0.000000,0.000000,0.000000,0.000000,0.000004,0.000041,0.000360,0.002680,0.017022,0.092138,0.425012,1.670611,5.595518,15.970569,38.843243,80.507484,142.189255,213.993988,274.442474,299.927399,279.314453,221.656448,149.894211,86.378242,42.416893,17.748949,6.328722,1.923049,0.497943,0.109871,0.020657,0.003310,0.000452,0.000053,0.000005,0.000000,0.000000,0.000000,0.000000,0.000000,0.000000,0.000000,0.000000,0.000000,0.000000,0.000000,0.000000,0.000000,0.000000,0.000000,0.000000,0.000000,0.000000,0.000000,0.000000,0.000000,0.000000,0.000000,0.000000,0.000000,0.000000,0.000000,0.000000,0.000000,0.000000,0.000000,0.000000,0.000000,0.000000,0.000000,0.000000,0.000000,0.000000,0.000000,0.000000,0.000000,0.000000,0.000000,0.000000,0.000004,0.000029,0.000197,0.001128,0.005509,0.022932,0.081340,0.245854,0.633207,1.389728,2.599135,4.142375,5.625739,6.510560,6.420549,5.395615,3.863829,2.357787,1.226064,0.543296,0.205152,0.066010,0.018099,0.004229,0.000842,0.000143,0.000021,0.000003,0.000000,0.000000,0.000000,0.000000,0.000000,0.000000,0.000004,0.000040,0.000311,0.002086,0.011905,0.057900,0.239969,0.847461,2.550351,6.540476,14.292779,26.616323,42.236004,57.112682,65.810982,64.621262,54.070862,38.553852,23.425411,12.128566,5.351269,2.011923,0.644955,0.178425,0.054432,0.071565,0.255630,0.868404,2.526321,6.264333,13.236208,23.832844,36.567234,47.810505,53.268448,50.574158,40.916401,28.208719,16.572359,8.296358,3.539287,1.286592,0.398563,0.105213,0.023666,0.004537,0.000741,0.000103,0.000012,0.000001,0.000000,0.000000,0.000000,0.000000,0.000000,0.000000,0.000000,0.000000,0.000000,0.000000,0.000000,0.000002,0.000017,0.000135,0.000912,0.005270,0.025940,0.108798,0.388853,1.184358,3.073803,6.798231,12.811980,20.575560,28.158266,32.837395,32.632095,27.633448,19.940691,12.261706,6.425152,2.868905,1.091631,0.353957,0.097795,0.023026,0.004620,0.000790,0.000115,0.000015,0.000005,0.000034,0.000262,0.001730,0.009728,0.046608,0.190292,0.662016,1.962595,4.958173,10.673604,19.580517,30.608419,40.772995,46.282852,44.769188,36.901901,25.920012,15.514459,7.912990,3.439295,1.273783,0.402024,0.108124,0.024779,0.004840,0.000810,0.000153,0.000314,0.001960,0.010891,0.051610,0.208395,0.717060,2.102591,5.253516,11.185911,20.295225,31.378447,41.341595,46.414333,44.404800,36.201138,25.149508,14.888183,7.510629,3.228573,1.182694,0.369190,0.098202,0.022260,0.004299,0.000708,0.000099,0.000012,0.000001,0.000000,0.000000,0.000000,0.000000,0.000000,0.000000,0.000000,0.000000,0.000000,0.000000,0.000000,0.000000,0.000000,0.000000,0.000000,0.000000,0.000000,0.000000,0.000000,0.000000,0.000000,0.000000,0.000000,0.000000,0.000000,0.000000,0.000000,0.000000,0.000000,0.000000,0.000000,0.000000,0.000000,0.000000,0.000000,0.000003,0.000028,0.000216,0.001407,0.007824,0.037068,0.149627,0.514783,1.509069,3.769719,8.025019,14.556383,22.501425,29.639063,33.268555,31.821033,25.936890,18.014313,10.662078,5.377507,2.311025,0.846456,0.264149,0.070257,0.015981,0.003483,0.002846,0.011479,0.047391,0.167711,0.505878,1.300107,2.847641,5.314690,8.452505,11.455537,13.229565,13.019520,10.918355,7.802512,4.751247,2.465665,1.090251,0.410827,0.131918,0.036093,0.008417,0.001672,0.000283,0.000041,0.000005,0.000001,0.000000,0.000000,0.000000,0.000000,0.000000,0.000000,0.000000,0.000000,0.000000,0.000000,0.000000,0.000000,0.000000,0.000000,0.000000,0.000003,0.000021,0.000143,0.000844,0.004239,0.018141,0.066141,0.205498,0.544112,1.227506,2.360059,3.866452,5.397810,6.421559,6.509870,5.623603,4.139751,2.596862,1.388082,0.632329,0.245431,0.081182,0.022882,0.005496,0.001125,0.000196,0.000029,0.000004,0.000000,0.000000,0.000000,0.000000,0.000000,0.000000,0.000000,0.000000,0.000000,0.000000,0.000000,0.000000,0.000000,0.000000,0.000000,0.000000,0.000000,0.000000,0.000000,0.000000,0.000000,0.000000,0.000000,0.000000,0.000000,0.000000,0.000000,0.000000,0.000000,0.000000,0.000000,0.000000,0.000000,0.000000,0.000000,0.000000,0.000000,0.000000,0.000000,0.000000,0.000000,0.000000,0.000000,0.000000,0.000000,0.000000,0.000000,0.000000,0.000000,0.000000,0.000000,0.000000,0.000000,0.000000,0.000000,0.000000,0.000000,0.000000,0.000000
I2=0.000034,0.000202,0.001075,0.005115,0.021751,0.082660,0.280724,0.851955,2.310557,5.599786,12.127964,23.472660,40.597084,62.745445,86.662590,106.964355,117.978951,116.286156,102.426178,80.621590,56.708714,35.645622,20.022606,10.050768,4.508484,1.807256,0.647392,0.207240,0.059285,0.015155,0.003462,0.000707,0.000129,0.000021,0.000003,0.000000,0.000000,0.000000,0.000000,0.000000,0.000000,0.000000,0.000000,0.000000,0.000000,0.000000,0.000000,0.000000,0.000000,0.000000,0.000000,0.000000,0.000000,0.000000,0.000000,0.000000,0.000000,0.000000,0.000000,0.000000,0.000000,0.000000,0.000000,0.000000,0.000000,0.000000,0.000000,0.000000,0.000000,0.000000,0.000000,0.000001,0.000004,0.000010,0.000028,0.000075,0.000190,0.000466,0.001096,0.002482,0.005402,0.011307,0.022758,0.044046,0.081969,0.146680,0.252393,0.417609,0.664427,1.016550,1.495578,2.115996,2.879162,3.767888,4.743219,5.744753,6.696244,7.515450,8.127408,8.477974,8.544223,8.339117,7.908663,7.322262,6.658506,5.990314,5.372727,4.837014,4.392209,4.034398,3.761898,3.591179,3.565001,3.741210,4.156329,4.774549,5.454339,5.969482,6.094668,5.716795,4.904482,3.889797,2.974469,2.415447,2.341786,2.721854,3.376867,4.036105,4.427837,4.379987,3.883302,3.079761,2.183424,1.383482,0.783391,0.396424,0.179266,0.072443,0.026162,0.008443,0.002435,0.000627,0.000145,0.000030,0.000005,0.000001,0.000000,0.000000,0.000000,0.000001,0.000006,0.000033,0.000161,0.000701,0.002730,0.009502,0.029556,0.082153,0.204060,0.452965,0.898496,1.592694,2.522936,3.571396,4.517795,5.107111,5.159198,4.657437,3.757248,2.708657,1.744993,1.004608,0.516830,0.237604,0.097619,0.035840,0.011759,0.003448,0.000903,0.000211,0.000044,0.000008,0.000001,0.000000,0.000000,0.000000,0.000000,0.000000,0.000000,0.000000,0.000000,0.000000,0.000000,0.000000,0.000000,0.000000,0.000000,0.000000,0.000000,0.000000,0.000000,0.000000,0.000000,0.000000,0.000000,0.000000,0.000000,0.000000,0.000000,0.000000,0.000000,0.000000,0.000000,0.000000,0.000000,0.000000,0.000000,0.000000,0.000000,0.000000,0.000000,0.000000,0.000000,0.000000,0.000000,0.000000,0.000000,0.000000,0.000000,0.000000,0.000000,0.000000,0.000000,0.000000,0.000000,0.000000,0.000000,0.000000,0.000000,0.000000,0.000000,0.000000,0.000000,0.000000,0.000000,0.000000,0.000000,0.000001,0.000002,0.000006,0.000018,0.000047,0.000119,0.000291,0.000684,0.001550,0.003375,0.007067,0.014229,0.027548,0.051282,0.091797,0.158006,0.261516,0.416189,0.636886,0.937152,1.325997,1.804060,2.360111,2.968872,3.591108,4.176819,4.671318,5.023530,5.194656,5.165163,4.938503,4.540612,4.015488,3.418283,2.808403,2.244451,1.781711,1.469669,1.345315,1.419173,1.657731,1.975083,2.248459,2.359933,2.245598,1.922578,1.475892,1.014252,0.623465,0.342673,0.168364,0.073942,0.029027,0.010185,0.003195,0.000896,0.000225,0.000050,0.000010,0.000002,0.000000,0.000000,0.000000,0.000000,0.000000,0.000000,0.000000,0.000000,0.000000,0.000000,0.000000,0.000000,0.000000,0.000000,0.000000,0.000001,0.000003,0.000008,0.000019,0.000046,0.000104,0.000227,0.000479,0.000976,0.001939,0.003787,0.007359,0.014346,0.028050,0.054345,0.102236,0.182788,0.305078,0.469292,0.660081,0.845434,0.985161,1.046678,1.019563,0.919529,0.779342,0.633098,0.503778,0.399699,0.318562,0.254053,0.200604,0.155099,0.116446,0.084464,0.059034,0.039707,0.025689,0.015984,0.009569,0.005541,0.003227,0.002364,0.003530,0.009159,0.025521,0.065587,0.151413,0.312631,0.576952,0.951505,1.402312,1.846896,2.173676,2.286162,2.148707,1.804710,1.354540,0.908531,0.544551,0.291678,0.139614,0.059717,0.022827,0.007797,0.002380,0.000649,0.000158,0.000034,0.000007,0.000001,0.000000,0.000000,0.000000,0.000000,0.000000,0.000000,0.000000,0.000000,0.000001,0.000003,0.000008,0.000020,0.000048,0.000112,0.000248,0.000529,0.001086,0.002142,0.004062,0.007408,0.012992,0.021908,0.035523,0.055385,0.083034,0.119700,0.165927,0.221162,0.283457,0.349331,0.413965,0.471706,0.516837,0.544521,0.551636,0.537363,0.503338,0.453347,0.392624,0.326966,0.261822,0.201597,0.149260,0.106261,0.072742,0.047883,0.030307,0.018445,0.010795,0.006074,0.003287,0.001710,0.000856,0.000412,0.000190,0.000085,0.000036,0.000015,0.000006,0.000002,0.000001,0.000000,0.000000,0.000000,0.000000,0.000000,0.000000,0.000000,0.000000,0.000000,0.000000,0.000000,0.000000,0.000000,0.000000,0.000000,0.000000,0.000000,0.000000,0.000000,0.000000,0.000000,0.000000,0.000000,0.000000,0.000000,0.000000,0.000000,0.000000,0.000000,0.000000,0.000000,0.000000,0.000000,0.000000,0.000000,0.000000,0.000000,0.000000,0.000000,0.000000,0.000000,0.000000,0.000001,0.000003,0.000007,0.000019,0.000048,0.000113,0.000259,0.000570,0.001206,0.002454,0.004801,0.009032,0.016340,0.028423,0.047540,0.076462,0.118245,0.175842,0.251436,0.345708,0.457065,0.581043,0.710281,0.834878,0.943613,1.025522,1.071690,1.076895,1.040530,0.966749,0.863667,0.741934,0.612846,0.486767,0.371765,0.273012,0.192795,0.130907,0.085472,0.053661,0.032393,0.018805,0.010496,0.005633,0.002907,0.001443,0.000688,0.000316,0.000139,0.000059,0.000024,0.000009,0.000004,0.000001,0.000000,0.000000,0.000000,0.000000,0.000000,0.000000,0.000000,0.000000,0.000000,0.000000,0.000000,0.000000,0.000000,0.000000,0.000000,0.000000,0.000000,0.000000,0.000000,0.000000,0.000000,0.000000,0.000000,0.000000,0.000000,0.000000,0.000000,0.000000,0.000000,0.000000,0.000000,0.000000,0.000000,0.000000,0.000000,0.000000,0.000000,0.000000,0.000000,0.000000,0.000000,0.000000,0.000000,0.000000,0.000000,0.000000,0.000000,0.000000,0.000000,0.000000,0.000000,0.000000,0.000000,0.000000,0.000000,0.000000,0.000000,0.000000,0.000000,0.000000,0.000000,0.000000,0.000000,0.000000,0.000000,0.000000,0.000000,0.000000,0.000000,0.000000,0.000000,0.000000,0.000000,0.000000,0.000000,0.000000,0.000000,0.000000,0.000000,0.000000,0.000000,0.000000,0.000000,0.000000,0.000000,0.000000,0.000000,0.000000,0.000000,0.000000,0.000000,0.000000,0.000000,0.000000,0.000000,0.000000,0.000000,0.000000,0.000000,0.000000
I3=0.000000,0.000000,0.000000,0.000000,0.000000,0.000000,0.000000,0.000000,0.000000,0.000000,0.000000,0.000000,0.000000,0.000000,0.000000,0.000000,0.000000,0.000000,0.000000,0.000000,0.000000,0.000000,0.000000,0.000000,0.000000,0.000000,0.000000,0.000000,0.000000,0.000000,0.000000,0.000000,0.000000,0.000000,0.000000,0.000000,0.000000,0.000000,0.000000,0.000000,0.000000,0.000000,0.000000,0.000000,0.000000,0.000000,0.000000,0.000000,0.000000,0.000000,0.000000,0.000000,0.000000,0.000000,0.000000,0.000000,0.000000,0.000000,0.000000,0.000000,0.000000,0.000000,0.000000,0.000000,0.000000,0.000000,0.000000,0.000000,0.000000,0.000000,0.000000,0.000000,0.000000,0.000000,0.000000,0.000000,0.000000,0.000000,0.000000,0.000000,0.000000,0.000000,0.000000,0.000000,0.000000,0.000005,0.000045,0.000349,0.002325,0.013185,0.063710,0.262350,0.920586,2.752656,7.014045,15.229424,28.178497,44.428806,59.692883,68.343872,66.681694,55.454311,39.356010,24.004185,13.083991,7.619562,6.958263,9.863383,14.798412,19.794945,22.745342,22.302120,18.638681,13.274485,8.056170,4.166409,1.836128,0.689535,0.220664,0.060173,0.013983,0.002769,0.000467,0.000067,0.000008,0.000001,0.000000,0.000000,0.000000,0.000000,0.000000,0.000000,0.000000,0.000000,0.000000,0.000000,0.000000,0.000000,0.000000,0.000000,0.000000,0.000000,0.000000,0.000000,0.000000,0.000000,0.000000,0.000000,0.000000,0.000000,0.000000,0.000000,0.000000,0.000000,0.000000,0.000000,0.000000,0.000000,0.000000,0.000000,0.000000,0.000000,0.000000,0.000000,0.000000,0.000000,0.000000,0.000000,0.000000,0.000000,0.000000,0.000000,0.000000,0.000000,0.000000,0.000000,0.000000,0.000000,0.000000,0.000000,0.000000,0.000000,0.000000,0.000000,0.000000,0.000000,0.000000,0.000000,0.000000,0.000000,0.000000,0.000000,0.000000,0.000000,0.000000,0.000000,0.000000,0.000000,0.000000,0.000000,0.000000,0.000000,0.000000,0.000000,0.000000,0.000000,0.000000,0.000000,0.000000,0.000000,0.000000,0.000000,0.000000,0.000000,0.000000,0.000000,0.000000,0.000000,0.000000,0.000000,0.000000,0.000000,0.000000,0.000000,0.000000,0.000000,0.000000,0.000000,0.000000,0.000000,0.000000,0.000000,0.000000,0.000000,0.000000,0.000000,0.000000,0.000000,0.000000,0.000000,0.000000,0.000000,0.000000,0.000000,0.000000,0.000000,0.000000,0.000000,0.000000,0.000000,0.000000,0.000000,0.000000,0.000000,0.000000,0.000000,0.000000,0.000000,0.000000,0.000000,0.000002,0.000018,0.000148,0.001030,0.006130,0.031205,0.135922,0.506737,1.617290,4.419633,10.343744,20.735912,35.609718,52.386127,66.016853,71.262192,65.883125,52.157848,35.351112,20.508232,10.180594,4.323287,1.570020,0.487452,0.129358,0.029332,0.005682,0.000940,0.000133,0.000016,0.000002,0.000000,0.000000,0.000000,0.000000,0.000000,0.000000,0.000000,0.000000,0.000000,0.000000,0.000000,0.000000,0.000000,0.000000,0.000000,0.000000,0.000000,0.000000,0.000000,0.000000,0.000000,0.000000,0.000000,0.000000,0.000000,0.000000,0.000000,0.000000,0.000000,0.000000,0.000000,0.000000,0.000000,0.000000,0.000000,0.000000,0.000000,0.000000,0.000000,0.000000,0.000000,0.000000,0.000000,0.000002,0.000014,0.000093,0.000530,0.002578,0.010699,0.037831,0.113993,0.292684,0.640378,1.193983,1.896981,2.568304,2.963048,2.913037,2.440417,1.742202,1.059836,0.549415,0.242704,0.091359,0.029306,0.008010,0.001866,0.000370,0.000063,0.000009,0.000001,0.000000,0.000000,0.000000,0.000000,0.000000,0.000000,0.000000,0.000000,0.000000,0.000000,0.000000,0.000000,0.000000,0.000000,0.000000,0.000000,0.000000,0.000000,0.000000,0.000000,0.000000,0.000000,0.000000,0.000000,0.000000,0.000000,0.000000,0.000000,0.000000,0.000000,0.000000,0.000000,0.000000,0.000000,0.000000,0.000000,0.000000,0.000000,0.000000,0.000000,0.000000,0.000000,0.000000,0.000000,0.000000,0.000000,0.000000,0.000000,0.000000,0.000000,0.000000,0.000001,0.000009,0.000063,0.000386,0.002017,0.008976,0.034042,0.110011,0.302958,0.710929,1.421624,2.422510,3.517641,4.352659,4.589526,4.123785,3.157429,2.060104,1.145378,0.542665,0.219094,0.075374,0.022098,0.005521,0.001177,0.000231,0.000155,0.000722,0.003602,0.015408,0.056172,0.174509,0.461970,1.042162,2.003350,3.281662,4.580890,5.448966,5.523218,4.770718,3.511481,2.202434,1.177163,0.536132,0.208081,0.068819,0.019394,0.004658,0.000953,0.000166,0.000025,0.000003,0.000000,0.000000,0.000000,0.000000,0.000000,0.000000,0.000000,0.000000,0.000000,0.000000,0.000000,0.000000,0.000000,0.000000,0.000000,0.000000,0.000000,0.000000,0.000000,0.000000,0.000000,0.000000,0.000000,0.000000,0.000000,0.000000,0.000000,0.000000,0.000000,0.000000,0.000000,0.000000,0.000000,0.000000,0.000000,0.000000,0.000000,0.000000,0.000000,0.000000,0.000000,0.000000,0.000000,0.000000,0.000003,0.000026,0.000182,0.001079,0.005452,0.023469,0.086094,0.269154,0.716921,1.627485,3.148095,5.189119,7.288919,8.724298,8.898572,7.734419,5.729188,3.618861,1.958454,0.938045,0.482547,0.444540,0.717374,1.222549,1.838297,2.366861,2.598562,2.431324,1.938576,1.317098,0.762568,0.376231,0.158166,0.056670,0.017299,0.004500,0.000998,0.000188,0.000030,0.000004,0.000000,0.000000,0.000000,0.000000,0.000000,0.000000,0.000000,0.000000,0.000000,0.000000,0.000000,0.000000,0.000000,0.000000,0.000000,0.000000,0.000000,0.000000,0.000000,0.000000,0.000000,0.000000,0.000000,0.000000,0.000000,0.000000,0.000000,0.000000,0.000000,0.000000,0.000000,0.000000,0.000000,0.000000,0.000000,0.000000,0.000000,0.000000,0.000000,0.000000,0.000000,0.000000,0.000000,0.000000,0.000000,0.000000,0.000000,0.000000,0.000000,0.000000,0.000000,0.000000,0.000000,0.000000,0.000000,0.000000,0.000000,0.000000,0.000000,0.000000,0.000000,0.000000,0.000000,0.000000,0.000000,0.000000,0.000000,0.000001,0.000009,0.000055,0.000275,0.001169,0.004233,0.013056,0.034322,0.076880,0.146745,0.238696,0.330837,0.390764,0.393298,0.337321,0.246529,0.153544,0.081485,0.036851,0.014202,0.004663,0.001305,0.000311,0.000063,0.000011,0.000002,0.000000,0.000000,0.000000,0.000000,0.000000,0.000000,0.000000,0.000000
I4=0.000000,0.000000,0.000000,0.000000,0.000000,0.000000,0.000000,0.000000,0.000000,0.000000,0.000000,0.000000,0.000000,0.000000,0.000000,0.000000,0.000000,0.000000,0.000000,0.000000,0.000000,0.000000,0.000000,0.000000,0.000000,0.000000,0.000000,0.000000,0.000000,0.000000,0.000000,0.000000,0.000000,0.000000,0.000000,0.000000,0.000000,0.000000,0.000000,0.000000,0.000000,0.000000,0.000000,0.000000,0.000000,0.000000,0.000000,0.000000,0.000000,0.000000,0.000000,0.000000,0.000000,0.000000,0.000000,0.000000,0.000000,0.000000,0.000000,0.000000,0.000000,0.000000,0.000000,0.000000,0.000000,0.000000,0.000000,0.000000,0.000000,0.000000,0.000000,0.000000,0.000000,0.000000,0.000000,0.000000,0.000000,0.000000,0.000002,0.000009,0.000038,0.000146,0.000520,0.001722,0.005313,0.015269,0.040872,0.101893,0.236578,0.511605,1.030387,1.932810,3.376729,5.494397,8.326767,11.753354,15.452822,18.926050,21.598522,22.979214,22.819092,21.203650,18.535522,15.412808,12.451530,10.120818,8.641837,7.974054,7.875524,8.007662,8.047942,7.778895,7.132381,6.183362,5.103030,4.093038,3.323400,2.891418,2.806337,2.997173,3.337021,3.677135,3.883673,3.869089,3.609607,3.143649,2.552392,1.930881,1.360687,0.893105,0.545990,0.310874,0.164856,0.081423,0.037454,0.016046,0.006403,0.002379,0.000824,0.000265,0.000080,0.000022,0.000006,0.000001,0.000000,0.000000,0.000000,0.000000,0.000000,0.000000,0.000000,0.000000,0.000000,0.000000,0.000000,0.000000,0.000000,0.000000,0.000000,0.000000,0.000000,0.000000,0.000000,0.000000,0.000000,0.000000,0.000000,0.000000,0.000000,0.000000,0.000000,0.000000,0.000000,0.000000,0.000000,0.000000,0.000000,0.000000,0.000000,0.000000,0.000000,0.000000,0.000000,0.000000,0.000000,0.000000,0.000000,0.000000,0.000000,0.000000,0.000000,0.000000,0.000000,0.000000,0.000000,0.000000,0.000000,0.000000,0.000000,0.000000,0.000000,0.000000,0.000000,0.000000,0.000000,0.000000,0.000000,0.000000,0.000000,0.000000,0.000000,0.000000,0.000000,0.000000,0.000000,0.000000,0.000000,0.000000,0.000000,0.000000,0.000000,0.000000,0.000000,0.000000,0.000000,0.000000,0.000000,0.000000,0.000000,0.000000,0.000000,0.000000,0.000000,0.000000,0.000000,0.000000,0.000000,0.000000,0.000000,0.000000,0.000000,0.000000,0.000000,0.000000,0.000000,0.000000,0.000000,0.000000,0.000000,0.000000,0.000000,0.000000,0.000000,0.000001,0.000005,0.000020,0.000078,0.000284,0.000967,0.003073,0.009102,0.025132,0.064698,0.155276,0.347423,0.724725,1.409460,2.555695,4.320486,6.809539,10.006304,13.708813,17.510469,20.852551,23.151505,23.963877,23.125301,20.804718,17.449120,13.643309,9.944657,6.757330,4.280143,2.527175,1.390935,0.713598,0.341245,0.152096,0.063184,0.024465,0.008829,0.002969,0.000931,0.000272,0.000074,0.000019,0.000004,0.000001,0.000000,0.000000,0.000000,0.000000,0.000000,0.000000,0.000000,0.000000,0.000000,0.000000,0.000000,0.000000,0.000000,0.000000,0.000000,0.000000,0.000000,0.000000,0.000000,0.000000,0.000000,0.000000,0.000000,0.000000,0.000000,0.000000,0.000000,0.000000,0.000000,0.000000,0.000002,0.000006,0.000021,0.000071,0.000219,0.000632,0.001698,0.004248,0.009896,0.021473,0.043394,0.081678,0.143179,0.233765,0.355459,0.503405,0.663999,0.815698,0.933278,0.994507,0.987011,0.912331,0.785418,0.629743,0.470269,0.327075,0.211864,0.127818,0.071818,0.037584,0.018319,0.008315,0.003516,0.001384,0.000508,0.000173,0.000055,0.000016,0.000005,0.000001,0.000000,0.000000,0.000000,0.000000,0.000000,0.000000,0.000000,0.000000,0.000000,0.000000,0.000000,0.000000,0.000000,0.000000,0.000000,0.000000,0.000000,0.000000,0.000000,0.000000,0.000000,0.000000,0.000000,0.000000,0.000000,0.000000,0.000000,0.000000,0.000000,0.000000,0.000000,0.000000,0.000000,0.000000,0.000000,0.000000,0.000000,0.000000,0.000000,0.000001,0.000005,0.000019,0.000065,0.000207,0.000615,0.001705,0.004399,0.010572,0.023665,0.049337,0.095795,0.173237,0.291776,0.457700,0.668686,0.909875,1.153087,1.360993,1.496127,1.531781,1.460638,1.297190,1.072961,0.826567,0.593059,0.396331,0.246747,0.143298,0.078150,0.041446,0.024865,0.023730,0.037980,0.072428,0.136290,0.241559,0.399591,0.615867,0.884121,1.182097,1.472021,1.707239,1.844121,1.855248,1.738327,1.516977,1.232935,0.933301,0.657983,0.432047,0.264220,0.150490,0.079832,0.039441,0.018149,0.007778,0.003105,0.001154,0.000400,0.000129,0.000039,0.000011,0.000003,0.000001,0.000000,0.000000,0.000000,0.000000,0.000000,0.000000,0.000000,0.000000,0.000000,0.000000,0.000000,0.000000,0.000000,0.000000,0.000000,0.000000,0.000000,0.000000,0.000000,0.000000,0.000000,0.000000,0.000000,0.000000,0.000000,0.000000,0.000000,0.000000,0.000000,0.000000,0.000001,0.000003,0.000013,0.000048,0.000162,0.000510,0.001496,0.004084,0.010385,0.024596,0.054245,0.111437,0.213202,0.379900,0.630495,0.974500,1.402909,1.880998,2.348994,2.732363,2.960771,2.989741,2.815554,2.477555,2.046310,1.603203,1.218914,0.939171,0.779114,0.726466,0.749631,0.807860,0.861284,0.879385,0.846389,0.762589,0.641265,0.502677,0.367133,0.249789,0.158394,0.093812,0.052524,0.029435,0.020333,0.023539,0.040869,0.077959,0.143764,0.248772,0.401477,0.603655,0.845363,1.102605,1.339431,1.515404,1.596835,1.567136,1.432422,1.219401,0.966836,0.713936,0.491012,0.314516,0.187626,0.104255,0.053948,0.026002,0.011672,0.004879,0.001900,0.000689,0.000233,0.000073,0.000021,0.000006,0.000001,0.000000,0.000000,0.000000,0.000000,0.000000,0.000000,0.000000,0.000000,0.000000,0.000000,0.000000,0.000000,0.000000,0.000000,0.000000,0.000000,0.000000,0.000000,0.000000,0.000000,0.000000,0.000000,0.000000,0.000000,0.000000,0.000000,0.000000,0.000000,0.000000,0.000000,0.000000,0.000000,0.000000,0.000000,0.000000,0.000000,0.000000,0.000000,0.000000,0.000000,0.000000,0.000000,0.000000,0.000000,0.000000,0.000000,0.000000,0.000000,0.000000,0.000000,0.000000,0.000000,0.000000,0.000000,0.000000,0.000000,0.000000,0.000000,0.000000,0.000000,0.000000,0.000000,0.000000,0.000000,0.000000,0.000000,0.000000,0.000000,0.000000,0.000000,0.000000
I5=0.000000,0.000000,0.000000,0.000000,0.000000,0.000000,0.000000,0.000000,0.000000,0.000000,0.000000,0.000000,0.000000,0.000000,0.000000,0.000000,0.000000,0.000000,0.000000,0.000000,0.000000,0.000000,0.000000,0.000000,0.000000,0.000000,0.000000,0.000000,0.000000,0.000000,0.000000,0.000000,0.000000,0.000000,0.000000,0.000000,0.000000,0.000000,0.000000,0.000000,0.000000,0.000000,0.000000,0.000000,0.000000,0.000000,0.000000,0.000000,0.000000,0.000000,0.000000,0.000000,0.000000,0.000000,0.000000,0.000000,0.000000,0.000000,0.000000,0.000000,0.000000,0.000000,0.000000,0.000000,0.000000,0.000000,0.000000,0.000000,0.000000,0.000000,0.000000,0.000000,0.000000,0.000000,0.000000,0.000000,0.000000,0.000000,0.000000,0.000000,0.000000,0.000000,0.000000,0.000000,0.000000,0.000000,0.000000,0.000000,0.000000,0.000000,0.000000,0.000000,0.000000,0.000000,0.000000,0.000000,0.000000,0.000000,0.000000,0.000000,0.000000,0.000000,0.000000,0.000000,0.000000,0.000000,0.000000,0.000000,0.000000,0.000005,0.000037,0.000254,0.001498,0.007513,0.032120,0.117010,0.363238,0.960890,2.166021,4.160791,6.810704,9.500036,11.291998,11.437452,9.871861,7.260807,4.550731,2.430467,1.106160,0.428987,0.141775,0.039926,0.009581,0.001959,0.000341,0.000051,0.000006,0.000001,0.000000,0.000000,0.000000,0.000000,0.000000,0.000000,0.000000,0.000000,0.000000,0.000000,0.000000,0.000000,0.000000,0.000000,0.000000,0.000000,0.000000,0.000000,0.000000,0.000000,0.000000,0.000000,0.000000,0.000000,0.000000,0.000000,0.000000,0.000000,0.000000,0.000000,0.000000,0.000000,0.000000,0.000000,0.000000,0.000000,0.000000,0.000000,0.000000,0.000000,0.000000,0.000000,0.000000,0.000000,0.000000,0.000000,0.000000,0.000000,0.000000,0.000000,0.000000,0.000000,0.000000,0.000000,0.000000,0.000000,0.000000,0.000000,0.000000,0.000000,0.000000,0.000000,0.000000,0.000000,0.000000,0.000000,0.000000,0.000000,0.000000,0.000000,0.000000,0.000000,0.000000,0.000000,0.000000,0.000000,0.000000,0.000000,0.000000,0.000000,0.000000,0.000000,0.000000,0.000000,0.000000,0.000000,0.000000,0.000000,0.000000,0.000000,0.000000,0.000000,0.000000,0.000000,0.000000,0.000000,0.000000,0.000000,0.000000,0.000000,0.000000,0.000000,0.000000,0.000000,0.000000,0.000000,0.000000,0.000000,0.000000,0.000000,0.000000,0.000000,0.000000,0.000000,0.000000,0.000000,0.000000,0.000000,0.000000,0.000000,0.000000,0.000000,0.000000,0.000000,0.000000,0.000000,0.000000,0.000000,0.000000,0.000000,0.000000,0.000000,0.000000,0.000000,0.000000,0.000000,0.000000,0.000000,0.000000,0.000000,0.000000,0.000000,0.000000,0.000000,0.000000,0.000000,0.000000,0.000000,0.000000,0.000000,0.000000,0.000000,0.000000,0.000000,0.000000,0.000000,0.000000,0.000000,0.000000,0.000000,0.000000,0.000000,0.000000,0.000000,0.000000,0.000000,0.000000,0.000000,0.000000,0.000000,0.000000,0.000000,0.000000,0.000000,0.000000,0.000000,0.000000,0.000000,0.000000,0.000000,0.000000,0.000000,0.000000,0.000000,0.000000,0.000000,0.000000,0.000000,0.000000,0.000000,0.000000,0.000000,0.000000,0.000000,0.000000,0.000000,0.000000,0.000000,0.000000,0.000000,0.000000,0.000000,0.000000,0.000000,0.000000,0.000000,0.000000,0.000000,0.000000,0.000000,0.000000,0.000000,0.000000,0.000000,0.000000,0.000000,0.000000,0.000000,0.000000,0.000000,0.000000,0.000000,0.000000,0.000000,0.000000,0.000000,0.000000,0.000000,0.000000,0.000000,0.000000,0.000000,0.000000,0.000000,0.000000,0.000000,0.000000,0.000000,0.000000,0.000000,0.000000,0.000000,0.000000,0.000000,0.000000,0.000000,0.000000,0.000000,0.000000,0.000000,0.000000,0.000000,0.000000,0.000000,0.000000,0.000000,0.000000,0.000000,0.000000,0.000000,0.000000,0.000000,0.000000,0.000000,0.000000,0.000000,0.000000,0.000000,0.000000,0.000000,0.000000,0.000000,0.000000,0.000000,0.000000,0.000000,0.000000,0.000000,0.000000,0.000000,0.000000,0.000000,0.000000,0.000000,0.000000,0.000000,0.000000,0.000000,0.000000,0.000000,0.000000,0.000000,0.000000,0.000000,0.000000,0.000000,0.000000,0.000000,0.000000,0.000000,0.000000,0.000000,0.000000,0.000000,0.000000,0.000000,0.000000,0.000000,0.000000,0.000000,0.000000,0.000000,0.000000,0.000000,0.000000,0.000000,0.000000,0.000000,0.000000,0.000000,0.000000,0.000000,0.000000,0.000000,0.000000,0.000000,0.000000,0.000000,0.000000,0.000000,0.000000,0.000000,0.000000,0.000000,0.000000,0.000000,0.000000,0.000000,0.000000,0.000000,0.000000,0.000000,0.000000,0.000000,0.000000,0.000000,0.000000,0.000000,0.000000,0.000000,0.000000,0.000000,0.000000,0.000000,0.000000,0.000000,0.000000,0.000000,0.000000,0.000000,0.000000,0.000000,0.000000,0.000000,0.000000,0.000000,0.000000,0.000000,0.000000,0.000000,0.000000,0.000000,0.000000,0.000000,0.000000,0.000000,0.000000,0.000000,0.000000,0.000000,0.000000,0.000000,0.000000,0.000000,0.000000,0.000000,0.000000,0.000000,0.000000,0.000000,0.000000,0.000000,0.000000,0.000000,0.000000,0.000000,0.000000,0.000000,0.000000,0.000000,0.000000,0.000000,0.000000,0.000000,0.000000,0.000000,0.000000,0.000004,0.000030,0.000197,0.001099,0.005218,0.021112,0.072796,0.213859,0.535465,1.142393,2.076900,3.217676,4.247764,4.778665,4.581009,3.742233,2.604958,1.545308,0.781096,0.336456,0.123500,0.038626,0.010297,0.002338,0.000453,0.000075,0.000010,0.000001,0.000000,0.000000,0.000000,0.000000,0.000000,0.000000,0.000000,0.000000,0.000000,0.000000,0.000000,0.000000,0.000000,0.000000,0.000000,0.000000,0.000000,0.000000,0.000000,0.000000,0.000000,0.000000,0.000000,0.000000,0.000000,0.000000,0.000000,0.000000,0.000000,0.000000,0.000000,0.000000,0.000000,0.000000,0.000000,0.000000,0.000000,0.000000,0.000000,0.000000,0.000000,0.000000,0.000000,0.000000,0.000000,0.000000,0.000000,0.000000,0.000000,0.000000,0.000000,0.000000,0.000000,0.000000,0.000000,0.000000,0.000000,0.000000,0.000000,0.000000,0.000000,0.000000,0.000000,0.000000,0.000000,0.000000,0.000000,0.000000,0.000000,0.000000,0.000000,0.000000,0.000000,0.000000,0.000000,0.000000,0.000000
I6=0.000008,0.000022,0.000058,0.000148,0.000363,0.000862,0.001974,0.004361,0.009298,0.019128,0.037972,0.072737,0.134447,0.239799,0.412719,0.685434,1.098454,1.698646,2.534692,3.649689,5.070970,6.798779,8.795805,10.980527,13.227489,15.375752,17.246460,18.666733,19.495800,19.648031,19.107405,17.930363,16.236076,14.186624,11.961364,9.731663,7.640084,5.787804,4.230941,2.984437,2.031386,1.334220,0.845603,0.517148,0.305186,0.173787,0.095494,0.050634,0.025907,0.012790,0.006093,0.002801,0.001243,0.000532,0.000220,0.000088,0.000034,0.000012,0.000004,0.000002,0.000001,0.000000,0.000000,0.000000,0.000000,0.000000,0.000000,0.000000,0.000000,0.000000,0.000000,0.000000,0.000000,0.000000,0.000000,0.000000,0.000000,0.000000,0.000000,0.000000,0.000000,0.000000,0.000000,0.000000,0.000000,0.000000,0.000000,0.000000,0.000000,0.000000,0.000000,0.000000,0.000000,0.000000,0.000000,0.000000,0.000000,0.000000,0.000000,0.000000,0.000000,0.000000,0.000000,0.000000,0.000000,0.000000,0.000000,0.000000,0.000000,0.000000,0.000000,0.000000,0.000000,0.000000,0.000000,0.000000,0.000000,0.000001,0.000002,0.000006,0.000018,0.000049,0.000126,0.000317,0.000767,0.001792,0.004039,0.008786,0.018440,0.037349,0.072992,0.137654,0.250498,0.439865,0.745331,1.218638,1.922689,2.927173,4.300206,6.095943,8.338574,11.006519,14.018867,17.229752,20.433977,23.384544,25.823250,27.516775,28.293636,28.072746,26.877329,24.830860,22.136154,19.042265,15.806542,12.660864,9.785718,7.298386,5.252529,3.647615,2.444334,1.580570,0.986215,0.593791,0.344989,0.193410,0.104630,0.054618,0.027512,0.013373,0.006272,0.002839,0.001240,0.000522,0.000212,0.000083,0.000032,0.000012,0.000004,0.000001,0.000000,0.000000,0.000000,0.000000,0.000000,0.000000,0.000000,0.000000,0.000000,0.000000,0.000000,0.000000,0.000000,0.000000,0.000000,0.000000,0.000000,0.000000,0.000000,0.000000,0.000000,0.000000,0.000000,0.000000,0.000000,0.000001,0.000006,0.000044,0.000280,0.001576,0.007891,0.035113,0.138831,0.487597,1.521015,4.214127,10.369894,22.664299,43.994190,75.845345,116.135086,157.948883,190.821289,204.817352,195.395493,165.841080,125.531631,85.284805,52.920696,31.417000,19.801727,15.270044,14.960095,16.767605,19.396149,22.099407,24.428680,26.090515,26.896141,26.756275,25.684490,23.791523,21.265556,18.341520,15.265162,12.259501,9.500565,7.104380,5.126336,3.569425,2.398251,1.554879,0.972737,0.587217,0.342070,0.192281,0.104295,0.054586,0.027568,0.013435,0.006318,0.002867,0.001255,0.000530,0.000216,0.000085,0.000032,0.000012,0.000004,0.000001,0.000000,0.000000,0.000000,0.000000,0.000000,0.000000,0.000000,0.000000,0.000000,0.000000,0.000000,0.000002,0.000009,0.000051,0.000250,0.001084,0.004169,0.014234,0.043164,0.116246,0.278043,0.590637,1.114333,1.867161,2.778528,3.672179,4.310314,4.493344,4.160089,3.420675,2.498027,1.620162,0.933223,0.477402,0.216905,0.087525,0.031367,0.009983,0.002822,0.000708,0.000158,0.000031,0.000006,0.000001,0.000000,0.000002,0.000011,0.000071,0.000395,0.001963,0.008665,0.033971,0.118280,0.365750,1.004500,2.450043,5.307444,10.210791,17.446547,26.475330,35.681370,42.709023,45.401455,42.864319,35.941338,26.765202,17.701710,10.397863,5.424674,2.514931,1.042124,0.408992,0.229624,0.362166,0.895826,2.138985,4.573966,8.693271,14.675129,22.002167,29.296625,34.645561,36.387299,33.941269,28.117601,20.687431,13.517702,7.844790,4.043298,1.850769,0.752414,0.271656,0.087111,0.024809,0.006275,0.001412,0.000286,0.000063,0.000040,0.000077,0.000172,0.000376,0.000793,0.001614,0.003168,0.006002,0.010974,0.019360,0.032967,0.054223,0.086304,0.133606,0.203512,0.311851,0.496114,0.840291,1.507948,2.760929,4.918715,8.213939,12.559515,17.354776,21.518869,23.856077,23.606022,20.840855,16.428118,11.587104,7.344819,4.219320,2.231084,1.115627,0.549715,0.279853,0.151722,0.087156,0.051512,0.030425,0.017724,0.010607,0.008759,0.016783,0.052431,0.166079,0.476579,1.218115,2.766515,5.580510,9.997635,15.907598,22.479136,28.211971,31.445507,31.128614,27.367420,21.369045,14.818538,9.126551,4.992109,2.425071,1.046289,0.400903,0.136435,0.041256,0.011192,0.003292,0.003608,0.012751,0.046587,0.152321,0.442445,1.141449,2.615249,5.321642,9.617519,15.436392,22.004393,27.857498,31.322102,31.277691,27.739176,21.848593,15.283837,9.495489,5.239230,2.567453,1.117375,0.431901,0.148267,0.045202,0.012240,0.002943,0.000629,0.000119,0.000020,0.000003,0.000000,0.000000,0.000000,0.000000,0.000000,0.000000,0.000000,0.000000,0.000000,0.000000,0.000000,0.000000,0.000000,0.000000,0.000000,0.000000,0.000000,0.000000,0.000000,0.000000,0.000000,0.000000,0.000000,0.000000,0.000000,0.000000,0.000000,0.000000,0.000000,0.000000,0.000000,0.000001,0.000008,0.000048,0.000263,0.001282,0.005544,0.021298,0.072654,0.220122,0.592343,1.415462,3.004365,5.663127,9.480602,14.096224,18.613297,21.829023,22.736006,21.031488,17.278002,12.606961,8.169212,4.701595,2.403356,1.091438,0.441170,0.160402,0.056583,0.029363,0.040988,0.094495,0.228600,0.523180,1.099377,2.091465,3.574904,5.470030,7.479021,9.136315,9.984540,9.792950,8.675565,7.024871,5.309340,3.873833,2.853257,2.208538,1.822403,1.579825,1.405540,1.264997,1.149630,1.061999,1.005908,0.981860,0.985897,1.010366,1.045597,1.081823,1.110850,1.127125,1.128098,1.113838,1.086189,1.047716,1.000832,0.947250,0.888012,0.823856,0.755858,0.686106,0.618130,0.557360,0.511731,0.493476,0.522927,0.634139,0.878652,1.319174,2.003874,2.921634,3.961266,4.909575,5.516359,5.602666,5.149628,4.305864,3.309422,2.378051,1.636871,1.110823,0.761557,0.532856,0.378040,0.267847,0.186807,0.127028,0.083897,0.053943,0.034234,0.022363,0.016542,0.015694,0.019445,0.028067,0.042349,0.063424,0.092502,0.130568,0.178007,0.234234,0.297459,0.364514,0.431032,0.491831,0.541527,0.575354,0.589865,0.583546,0.557059,0.513140,0.456111,0.391213,0.323788,0.258587,0.199284,0.148192,0.106339,0.073632,0.049196,0.031720,0.019733,0.011847,0.006863,0.003836,0.002069,0.001077,0.000541,0.000262,0.000123,0.000055,0.000024,0.000010,0.000004,0.000002,0.000001,0.000000,0.000000,0.000000,0.000000,0.000000,0.000000,0.000000
I7=0.000000,0.000002,0.000014,0.000090,0.000507,0.002539,0.011370,0.045493,0.162661,0.519729,1.484002,3.786604,8.634227,17.593395,32.036133,52.130104,75.804520,98.505302,114.388237,118.703316,110.078453,91.222046,67.554649,44.706699,26.438999,13.972546,6.598783,2.784905,1.050324,0.353986,0.106612,0.028694,0.006901,0.001483,0.000285,0.000049,0.000008,0.000001,0.000000,0.000000,0.000000,0.000000,0.000000,0.000000,0.000000,0.000000,0.000000,0.000000,0.000000,0.000000,0.000000,0.000000,0.000000,0.000000,0.000000,0.000000,0.000000,0.000000,0.000000,0.000000,0.000000,0.000000,0.000000,0.000000,0.000000,0.000000,0.000000,0.000000,0.000000,0.000000,0.000000,0.000000,0.000000,0.000000,0.000000,0.000000,0.000000,0.000000,0.000000,0.000000,0.000000,0.000000,0.000000,0.000000,0.000000,0.000000,0.000000,0.000000,0.000000,0.000000,0.000000,0.000000,0.000000,0.000000,0.000000,0.000000,0.000000,0.000000,0.000000,0.000000,0.000000,0.000000,0.000000,0.000000,0.000000,0.000000,0.000002,0.000012,0.000062,0.000290,0.001210,0.004510,0.015022,0.044709,0.118920,0.282653,0.600369,1.139573,1.932961,2.930084,3.969368,4.806489,5.205063,5.049503,4.411753,3.528984,2.707145,2.207788,2.167988,2.569245,3.248403,3.946406,4.392635,4.404492,3.956610,3.178743,2.282715,1.465006,0.840235,0.430639,0.197241,0.080730,0.029528,0.009651,0.002819,0.000736,0.000172,0.000036,0.000007,0.000001,0.000000,0.000000,0.000000,0.000000,0.000002,0.000011,0.000057,0.000268,0.001124,0.004214,0.014119,0.042280,0.113140,0.270553,0.578150,1.104062,1.884102,2.873249,3.915618,4.768527,5.189532,5.046972,4.386218,3.406479,2.364200,1.466299,0.812683,0.402501,0.178143,0.070460,0.024904,0.007866,0.002220,0.000560,0.000126,0.000025,0.000005,0.000001,0.000000,0.000000,0.000000,0.000000,0.000000,0.000000,0.000000,0.000000,0.000000,0.000000,0.000000,0.000000,0.000000,0.000000,0.000000,0.000000,0.000000,0.000000,0.000000,0.000000,0.000000,0.000000,0.000000,0.000000,0.000000,0.000000,0.000000,0.000000,0.000000,0.000000,0.000000,0.000000,0.000000,0.000000,0.000000,0.000000,0.000000,0.000000,0.000000,0.000000,0.000000,0.000000,0.000000,0.000000,0.000000,0.000000,0.000000,0.000000,0.000000,0.000000,0.000000,0.000000,0.000000,0.000000,0.000000,0.000000,0.000000,0.000000,0.000000,0.000000,0.000000,0.000000,0.000000,0.000000,0.000000,0.000000,0.000000,0.000000,0.000000,0.000000,0.000000,0.000000,0.000000,0.000000,0.000000,0.000000,0.000000,0.000000,0.000000,0.000000,0.000000,0.000000,0.000000,0.000000,0.000000,0.000000,0.000000,0.000000,0.000000,0.000000,0.000000,0.000000,0.000000,0.000002,0.000012,0.000061,0.000268,0.001055,0.003714,0.011679,0.032820,0.082417,0.184950,0.370895,0.664686,1.064479,1.523384,1.948235,2.226554,2.273968,2.075351,1.692619,1.233636,0.803479,0.467640,0.243223,0.113050,0.046956,0.017429,0.005781,0.001713,0.000454,0.000107,0.000023,0.000004,0.000001,0.000000,0.000000,0.000000,0.000000,0.000000,0.000000,0.000000,0.000000,0.000000,0.000000,0.000000,0.000000,0.000000,0.000000,0.000000,0.000000,0.000000,0.000000,0.000000,0.000000,0.000000,0.000000,0.000002,0.000012,0.000054,0.000219,0.000803,0.002628,0.007685,0.020082,0.046900,0.097874,0.182530,0.304193,0.453027,0.602924,0.717059,0.762093,0.723800,0.614312,0.465923,0.315793,0.191268,0.103526,0.050074,0.021643,0.008360,0.002886,0.000890,0.000245,0.000060,0.000013,0.000003,0.000001,0.000002,0.000012,0.000058,0.000256,0.001013,0.003578,0.011292,0.031841,0.080241,0.180692,0.363618,0.653912,1.050854,1.509143,1.936741,2.221123,2.276317,2.084739,1.706185,1.247851,0.815567,0.476328,0.248611,0.115953,0.048330,0.018001,0.005992,0.001782,0.000474,0.000113,0.000024,0.000005,0.000001,0.000000,0.000000,0.000000,0.000000,0.000000,0.000000,0.000000,0.000000,0.000000,0.000000,0.000000,0.000000,0.000000,0.000000,0.000000,0.000000,0.000000,0.000000,0.000000,0.000000,0.000000,0.000000,0.000000,0.000000,0.000000,0.000000,0.000000,0.000000,0.000000,0.000000,0.000000,0.000000,0.000000,0.000000,0.000000,0.000000,0.000000,0.000000,0.000000,0.000000,0.000000,0.000000,0.000000,0.000000,0.000000,0.000000,0.000000,0.000000,0.000000,0.000000,0.000000,0.000000,0.000000,0.000001,0.000001,0.000004,0.000011,0.000029,0.000074,0.000179,0.000417,0.000935,0.002022,0.004209,0.008439,0.016296,0.030305,0.054277,0.093626,0.155537,0.248853,0.383451,0.569038,0.813288,1.119456,1.484020,1.894667,2.329656,2.758790,3.146358,3.455925,3.655816,3.724516,3.654436,3.453318,3.142798,2.754629,2.325281,1.890383,1.480105,1.116069,0.810542,0.566895,0.381862,0.247729,0.154773,0.093135,0.053971,0.030123,0.016192,0.008382,0.004179,0.002007,0.000928,0.000413,0.000177,0.000073,0.000029,0.000011,0.000004,0.000001,0.000001,0.000000,0.000000,0.000000,0.000000,0.000000,0.000000,0.000000,0.000000,0.000000,0.000000,0.000000,0.000000,0.000000,0.000000,0.000000,0.000000,0.000000,0.000000,0.000000,0.000000,0.000000,0.000000,0.000000,0.000000,0.000000,0.000000,0.000000,0.000000,0.000000,0.000000,0.000000,0.000000,0.000000,0.000000,0.000000,0.000000,0.000000,0.000000,0.000000,0.000000,0.000000,0.000000,0.000000,0.000000,0.000000,0.000000,0.000000,0.000000,0.000000,0.000000,0.000000,0.000000,0.000000,0.000000,0.000000,0.000000,0.000000,0.000000,0.000000,0.000000,0.000000,0.000000,0.000000,0.000000,0.000000,0.000000,0.000000,0.000000,0.000000,0.000000,0.000000,0.000000,0.000000,0.000000,0.000000,0.000000,0.000000,0.000000,0.000000,0.000000,0.000000,0.000000,0.000000,0.000000,0.000000,0.000000,0.000000,0.000000,0.000000,0.000000,0.000000,0.000000,0.000000,0.000000,0.000000,0.000000,0.000000,0.000000,0.000000,0.000000,0.000000,0.000000,0.000000,0.000000,0.000000,0.000000,0.000000,0.000000,0.000000,0.000000,0.000000,0.000000,0.000000,0.000000,0.000000,0.000000,0.000000,0.000000,0.000000,0.000000,0.000000,0.000000,0.000000,0.000000,0.000000,0.000000,0.000000,0.000000,0.000000,0.000000,0.000000,0.000000,0.000000,0.000000,0.000000,0.000000,0.000000
I8=0.000000,0.000000,0.000000,0.000000,0.000000,0.000000,0.000000,0.000000,0.000000,0.000000,0.000000,0.000000,0.000000,0.000000,0.000000,0.000000,0.000000,0.000000,0.000000,0.000000,0.000000,0.000000,0.000000,0.000000,0.000000,0.000000,0.000000,0.000000,0.000000,0.000000,0.000000,0.000000,0.000000,0.000000,0.000000,0.000000,0.000000,0.000000,0.000000,0.000000,0.000000,0.000000,0.000000,0.000000,0.000000,0.000000,0.000000,0.000000,0.000000,0.000000,0.000000,0.000000,0.000000,0.000000,0.000000,0.000000,0.000000,0.000000,0.000000,0.000000,0.000000,0.000000,0.000000,0.000000,0.000000,0.000000,0.000000,0.000000,0.000000,0.000000,0.000000,0.000000,0.000000,0.000000,0.000000,0.000000,0.000000,0.000000,0.000002,0.000009,0.000038,0.000146,0.000520,0.001722,0.005313,0.015269,0.040872,0.101893,0.236578,0.511605,1.030387,1.932810,3.376729,5.494397,8.326767,11.753354,15.452822,18.926050,21.598522,22.979214,22.819092,21.203650,18.535521,15.412804,12.451512,10.120753,8.641617,7.973363,7.873507,8.002171,8.034023,7.746035,7.060126,6.035395,4.820810,3.591712,2.493982,1.613380,0.972217,0.545664,0.285251,0.138882,0.062977,0.026598,0.010462,0.003833,0.001308,0.000416,0.000123,0.000034,0.000009,0.000002,0.000000,0.000000,0.000000,0.000000,0.000000,0.000000,0.000000,0.000000,0.000000,0.000000,0.000000,0.000000,0.000000,0.000000,0.000000,0.000000,0.000000,0.000000,0.000000,0.000000,0.000000,0.000000,0.000000,0.000000,0.000000,0.000000,0.000000,0.000000,0.000000,0.000000,0.000000,0.000000,0.000000,0.000000,0.000000,0.000000,0.000000,0.000000,0.000000,0.000000,0.000000,0.000000,0.000000,0.000000,0.000000,0.000000,0.000000,0.000000,0.000000,0.000000,0.000000,0.000000,0.000000,0.000000,0.000000,0.000000,0.000000,0.000000,0.000000,0.000000,0.000000,0.000000,0.000000,0.000000,0.000000,0.000000,0.000000,0.000000,0.000000,0.000000,0.000000,0.000000,0.000000,0.000000,0.000000,0.000000,0.000000,0.000000,0.000000,0.000000,0.000000,0.000000,0.000000,0.000000,0.000000,0.000000,0.000000,0.000000,0.000000,0.000000,0.000000,0.000000,0.000000,0.000000,0.000000,0.000000,0.000000,0.000000,0.000000,0.000000,0.000000,0.000000,0.000000,0.000000,0.000000,0.000000,0.000000,0.000000,0.000000,0.000000,0.000000,0.000000,0.000000,0.000000,0.000000,0.000000,0.000000,0.000000,0.000000,0.000000,0.000000,0.000001,0.000005,0.000020,0.000078,0.000284,0.000967,0.003073,0.009102,0.025132,0.064698,0.155276,0.347423,0.724725,1.409460,2.555695,4.320486,6.809539,10.006304,13.708813,17.510469,20.852551,23.151505,23.963877,23.125301,20.804718,17.449120,13.643309,9.944657,6.757330,4.280143,2.527175,1.390935,0.713598,0.341245,0.152096,0.063184,0.024465,0.008829,0.002969,0.000931,0.000272,0.000074,0.000019,0.000004,0.000001,0.000000,0.000000,0.000000,0.000000,0.000000,0.000000,0.000000,0.000000,0.000000,0.000000,0.000000,0.000000,0.000000,0.000000,0.000000,0.000000,0.000000,0.000000,0.000000,0.000000,0.000000,0.000000,0.000000,0.000000,0.000000,0.000000,0.000000,0.000000,0.000000,0.000000,0.000002,0.000006,0.000021,0.000071,0.000219,0.000632,0.001698,0.004248,0.009896,0.021473,0.043394,0.081678,0.143179,0.233765,0.355459,0.503405,0.663999,0.815698,0.933278,0.994507,0.987011,0.912331,0.785418,0.629743,0.470269,0.327075,0.211864,0.127818,0.071818,0.037584,0.018319,0.008315,0.003516,0.001384,0.000508,0.000173,0.000055,0.000016,0.000005,0.000001,0.000000,0.000000,0.000000,0.000000,0.000000,0.000000,0.000000,0.000000,0.000000,0.000000,0.000000,0.000000,0.000000,0.000000,0.000000,0.000000,0.000000,0.000000,0.000000,0.000000,0.000000,0.000000,0.000000,0.000000,0.000000,0.000000,0.000000,0.000000,0.000000,0.000000,0.000000,0.000000,0.000000,0.000000,0.000000,0.000000,0.000000,0.000000,0.000000,0.000001,0.000005,0.000019,0.000065,0.000207,0.000615,0.001705,0.004399,0.010572,0.023665,0.049337,0.095795,0.173237,0.291776,0.457700,0.668686,0.909875,1.153087,1.360993,1.496127,1.531781,1.460638,1.297190,1.072961,0.826567,0.593059,0.396331,0.246747,0.143298,0.078150,0.041446,0.024865,0.023730,0.037980,0.072428,0.136290,0.241559,0.399591,0.615867,0.884121,1.182097,1.472021,1.707239,1.844121,1.855248,1.738327,1.516977,1.232935,0.933301,0.657983,0.432047,0.264220,0.150490,0.079832,0.039441,0.018151,0.007786,0.003135,0.001267,0.000790,0.001391,0.003838,0.010662,0.027811,0.067620,0.153132,0.322983,0.634486,1.160834,1.978083,3.139257,4.640098,6.387779,8.190012,9.780009,10.876979,11.266656,10.869221,9.766065,8.172501,6.369576,4.623639,3.125848,1.968229,1.154203,0.630441,0.320687,0.151935,0.067043,0.027551,0.010546,0.003759,0.001248,0.000386,0.000111,0.000031,0.000011,0.000015,0.000048,0.000162,0.000510,0.001496,0.004084,0.010385,0.024596,0.054245,0.111437,0.213202,0.379900,0.630495,0.974500,1.402909,1.880998,2.348994,2.732363,2.960771,2.989741,2.815554,2.477555,2.046310,1.603203,1.218914,0.939171,0.779114,0.726466,0.749631,0.807860,0.861284,0.879385,0.846389,0.762589,0.641264,0.502674,0.367121,0.249748,0.158258,0.093396,0.051336,0.026281,0.012530,0.005565,0.002301,0.000886,0.000318,0.000106,0.000033,0.000010,0.000003,0.000001,0.000000,0.000000,0.000000,0.000000,0.000000,0.000000,0.000000,0.000000,0.000000,0.000000,0.000001,0.000004,0.000015,0.000052,0.000161,0.000467,0.001262,0.003174,0.007434,0.016220,0.032962,0.062379,0.109956,0.180510,0.275995,0.393033,0.521258,0.643889,0.740763,0.793716,0.792077,0.736190,0.637269,0.513780,0.385789,0.269790,0.175731,0.106600,0.060228,0.031692,0.015531,0.007090,0.003014,0.001193,0.000440,0.000151,0.000048,0.000014,0.000004,0.000001,0.000000,0.000000,0.000000,0.000000,0.000000,0.000000,0.000000,0.000000,0.000000,0.000000,0.000000,0.000000,0.000000,0.000000,0.000000,0.000000,0.000000,0.000000,0.000000,0.000000,0.000000,0.000000,0.000000,0.000000,0.000000,0.000000,0.000000,0.000000,0.000000,0.000000,0.000000,0.000000,0.000000,0.000000,0.000000,0.000000,0.000000,0.000000,0.000000,0.000000,0.000000,0.000000,0.000000,0.000000
I9=0.000000,0.000000,0.000000,0.000000,0.000000,0.000000,0.000000,0.000000,0.000000,0.000000,0.000000,0.000000,0.000000,0.000000,0.000000,0.000000,0.000000,0.000000,0.000000,0.000000,0.000000,0.000000,0.000000,0.000000,0.000000,0.000000,0.000000,0.000000,0.000000,0.000000,0.000000,0.000000,0.000000,0.000000,0.000000,0.000000,0.000000,0.000000,0.000000,0.000000,0.000000,0.000000,0.000000,0.000000,0.000000,0.000000,0.000000,0.000000,0.000000,0.000000,0.000000,0.000000,0.000000,0.000000,0.000000,0.000000,0.000000,0.000000,0.000000,0.000000,0.000000,0.000000,0.000000,0.000000,0.000000,0.000000,0.000000,0.000000,0.000000,0.000000,0.000000,0.000000,0.000000,0.000000,0.000000,0.000000,0.000000,0.000000,0.000000,0.000000,0.000000,0.000000,0.000000,0.000000,0.000000,0.000000,0.000000,0.000000,0.000000,0.000000,0.000000,0.000000,0.000000,0.000000,0.000000,0.000000,0.000000,0.000000,0.000000,0.000000,0.000000,0.000000,0.000001,0.000005,0.000018,0.000065,0.000220,0.000690,0.002018,0.005491,0.013919,0.032861,0.072255,0.147967,0.282221,0.501326,0.829419,1.278038,1.834120,2.451509,3.051770,3.538253,3.820695,3.842491,3.599145,3.139816,2.551084,1.930465,1.360564,0.893071,0.545981,0.310872,0.164855,0.081423,0.037454,0.016046,0.006403,0.002379,0.000824,0.000265,0.000080,0.000022,0.000006,0.000001,0.000000,0.000000,0.000000,0.000000,0.000000,0.000000,0.000000,0.000000,0.000000,0.000000,0.000000,0.000000,0.000000,0.000000,0.000000,0.000000,0.000000,0.000000,0.000000,0.000000,0.000000,0.000000,0.000000,0.000000,0.000000,0.000000,0.000000,0.000000,0.000000,0.000000,0.000000,0.000000,0.000000,0.000000,0.000000,0.000000,0.000000,0.000000,0.000000,0.000000,0.000000,0.000000,0.000000,0.000000,0.000000,0.000000,0.000000,0.000000,0.000000,0.000000,0.000000,0.000000,0.000000,0.000000,0.000000,0.000000,0.000000,0.000000,0.000000,0.000000,0.000000,0.000000,0.000000,0.000000,0.000000,0.000000,0.000000,0.000000,0.000000,0.000000,0.000000,0.000000,0.000000,0.000000,0.000000,0.000000,0.000000,0.000000,0.000000,0.000000,0.000000,0.000000,0.000000,0.000000,0.000000,0.000000,0.000000,0.000000,0.000000,0.000000,0.000000,0.000000,0.000000,0.000000,0.000000,0.000000,0.000000,0.000000,0.000000,0.000000,0.000000,0.000000,0.000000,0.000000,0.000000,0.000000,0.000000,0.000000,0.000000,0.000000,0.000000,0.000000,0.000000,0.000000,0.000000,0.000000,0.000000,0.000000,0.000000,0.000000,0.000000,0.000000,0.000000,0.000000,0.000000,0.000000,0.000000,0.000000,0.000000,0.000000,0.000000,0.000000,0.000000,0.000000,0.000000,0.000000,0.000000,0.000000,0.000000,0.000000,0.000000,0.000000,0.000000,0.000000,0.000000,0.000000,0.000000,0.000000,0.000000,0.000000,0.000000,0.000000,0.000000,0.000000,0.000000,0.000000,0.000000,0.000000,0.000000,0.000000,0.000000,0.000000,0.000000,0.000000,0.000000,0.000000,0.000000,0.000000,0.000000,0.000000,0.000000,0.000000,0.000000,0.000000,0.000000,0.000000,0.000000,0.000000,0.000000,0.000000,0.000000,0.000000,0.000000,0.000000,0.000000,0.000000,0.000000,0.000000,0.000000,0.000000,0.000000,0.000000,0.000000,0.000000,0.000000,0.000000,0.000000,0.000000,0.000000,0.000000,0.000000,0.000000,0.000000,0.000000,0.000000,0.000000,0.000000,0.000000,0.000000,0.000000,0.000000,0.000000,0.000000,0.000000,0.000000,0.000000,0.000000,0.000000,0.000000,0.000000,0.000000,0.000000,0.000000,0.000000,0.000000,0.000000,0.000000,0.000000,0.000000,0.000000,0.000000,0.000000,0.000000,0.000000,0.000000,0.000000,0.000000,0.000000,0.000000,0.000000,0.000000,0.000000,0.000000,0.000000,0.000000,0.000000,0.000000,0.000000,0.000000,0.000000,0.000000,0.000000,0.000000,0.000000,0.000000,0.000000,0.000000,0.000000,0.000000,0.000000,0.000000,0.000000,0.000000,0.000000,0.000000,0.000000,0.000000,0.000000,0.000000,0.000000,0.000000,0.000000,0.000000,0.000000,0.000000,0.000000,0.000000,0.000000,0.000000,0.000000,0.000000,0.000000,0.000000,0.000000,0.000000,0.000000,0.000000,0.000000,0.000000,0.000000,0.000000,0.000000,0.000000,0.000000,0.000000,0.000000,0.000000,0.000000,0.000000,0.000000,0.000000,0.000000,0.000000,0.000000,0.000000,0.000000,0.000000,0.000000,0.000000,0.000000,0.000000,0.000000,0.000000,0.000000,0.000000,0.000000,0.000000,0.000000,0.000002,0.000008,0.000030,0.000113,0.000391,0.001262,0.003800,0.010652,0.027808,0.067619,0.153132,0.322983,0.634486,1.160834,1.978083,3.139257,4.640098,6.387779,8.190012,9.780009,10.876979,11.266656,10.869221,9.766065,8.172501,6.369576,4.623639,3.125848,1.968229,1.154203,0.630441,0.320687,0.151935,0.067043,0.027551,0.010546,0.003759,0.001248,0.000386,0.000111,0.000030,0.000007,0.000002,0.000000,0.000000,0.000000,0.000000,0.000000,0.000000,0.000000,0.000000,0.000000,0.000000,0.000000,0.000000,0.000000,0.000000,0.000000,0.000000,0.000000,0.000000,0.000000,0.000000,0.000000,0.000000,0.000000,0.000000,0.000000,0.000000,0.000000,0.000000,0.000000,0.000000,0.000000,0.000000,0.000000,0.000000,0.000000,0.000000,0.000000,0.000000,0.000000,0.000000,0.000000,0.000000,0.000000,0.000000,0.000000,0.000000,0.000000,0.000000,0.000000,0.000000,0.000000,0.000000,0.000000,0.000000,0.000000,0.000000,0.000000,0.000000,0.000000,0.000000,0.000000,0.000001,0.000004,0.000015,0.000052,0.000161,0.000467,0.001262,0.003174,0.007434,0.016220,0.032962,0.062379,0.109956,0.180510,0.275995,0.393033,0.521258,0.643889,0.740763,0.793716,0.792077,0.736190,0.637269,0.513780,0.385789,0.269790,0.175731,0.106600,0.060228,0.031692,0.015531,0.007090,0.003014,0.001193,0.000440,0.000151,0.000048,0.000014,0.000004,0.000001,0.000000,0.000000,0.000000,0.000000,0.000000,0.000000,0.000000,0.000000,0.000000,0.000000,0.000000,0.000000,0.000000,0.000000,0.000000,0.000000,0.000000,0.000000,0.000000,0.000000,0.000000,0.000000,0.000000,0.000000,0.000000,0.000000,0.000000,0.000000,0.000000,0.000000,0.000000,0.000000,0.000000,0.000000,0.000000,0.000000,0.000000,0.000000,0.000000,0.000000,0.000000,0.000000,0.000000,0.000000
I10=0.000000,0.000000,0.000000,0.000000,0.000000,0.000000,0.000000,0.000001,0.000003,0.000016,0.000073,0.000310,0.001215,0.004391,0.014663,0.045233,0.128911,0.339400,0.825498,1.854891,3.850440,7.384007,13.081685,21.410229,32.372265,45.218346,58.350697,69.561218,76.608635,77.943352,73.260574,63.613796,51.029591,37.816860,25.890266,16.374851,9.567709,5.164501,2.575400,1.186439,0.504935,0.198525,0.072108,0.024197,0.007501,0.002148,0.000568,0.000139,0.000031,0.000007,0.000001,0.000000,0.000000,0.000000,0.000000,0.000000,0.000000,0.000000,0.000000,0.000000,0.000000,0.000000,0.000000,0.000000,0.000000,0.000000,0.000000,0.000000,0.000000,0.000000,0.000000,0.000000,0.000000,0.000000,0.000000,0.000000,0.000000,0.000000,0.000000,0.000000,0.000000,0.000000,0.000000,0.000000,0.000000,0.000000,0.000000,0.000000,0.000000,0.000000,0.000000,0.000000,0.000000,0.000000,0.000000,0.000000,0.000000,0.000000,0.000000,0.000000,0.000000,0.000000,0.000000,0.000000,0.000000,0.000000,0.000000,0.000000,0.000000,0.000000,0.000000,0.000000,0.000000,0.000000,0.000000,0.000000,0.000000,0.000000,0.000000,0.000000,0.000000,0.000000,0.000000,0.000000,0.000000,0.000000,0.000000,0.000002,0.000009,0.000045,0.000200,0.000820,0.003100,0.010823,0.034909,0.104020,0.286344,0.728199,1.710783,3.713156,7.445076,13.790847,23.599487,37.307880,54.487293,73.514687,91.631660,105.513199,112.242584,110.305885,100.145294,83.994728,65.082573,46.588226,30.810347,18.828827,10.641534,5.581857,2.758025,1.359965,0.793637,0.684410,0.817870,1.070203,1.356939,1.608078,1.765364,1.791550,1.679879,1.455236,1.164612,0.861038,0.588096,0.371075,0.216309,0.116487,0.057953,0.026634,0.011308,0.004436,0.001607,0.000538,0.000166,0.000048,0.000013,0.000003,0.000001,0.000000,0.000000,0.000000,0.000000,0.000000,0.000000,0.000000,0.000000,0.000000,0.000000,0.000000,0.000000,0.000001,0.000004,0.000016,0.000063,0.000232,0.000803,0.002610,0.007964,0.022812,0.061326,0.154721,0.366363,0.814192,1.698274,3.324608,6.108230,10.532806,17.046165,25.892233,36.911701,49.386272,62.015873,73.089569,80.848167,83.938416,81.805626,74.871246,64.433563,52.345547,40.614979,31.075806,25.213270,24.111938,28.407286,38.134132,52.470646,69.529778,86.427414,99.794479,106.661072,105.391487,96.230019,81.180077,63.268986,45.554050,30.301317,18.620358,10.570756,5.543755,2.685904,1.202208,0.497118,0.189903,0.067015,0.021848,0.006580,0.001831,0.000471,0.000112,0.000025,0.000005,0.000001,0.000000,0.000000,0.000000,0.000000,0.000000,0.000000,0.000000,0.000000,0.000000,0.000000,0.000000,0.000000,0.000000,0.000000,0.000000,0.000002,0.000007,0.000024,0.000075,0.000227,0.000640,0.001694,0.004209,0.009816,0.021487,0.044141,0.085108,0.154012,0.261566,0.416930,0.623732,0.875774,1.154085,1.427356,1.656841,1.805024,1.845605,1.771113,1.595173,1.348414,1.069775,0.796544,0.556646,0.365097,0.224745,0.129845,0.070405,0.035829,0.017114,0.007675,0.003243,0.001331,0.000667,0.000795,0.001971,0.005482,0.014627,0.036719,0.086532,0.191394,0.397327,0.774121,1.415543,2.429404,3.913096,5.915638,8.393228,11.176615,13.968461,16.384626,18.037632,18.636950,18.072832,16.448904,14.051732,11.268565,8.487975,6.017136,4.042057,2.633205,1.782446,1.451252,1.608557,2.246653,3.370661,4.967228,6.964093,9.199550,11.418476,13.305655,14.553182,14.939718,14.394076,13.016004,11.046554,8.798841,6.577808,4.615203,3.039113,1.878292,1.089491,0.593125,0.303056,0.145325,0.065407,0.027628,0.010953,0.004076,0.001423,0.000467,0.000145,0.000046,0.000030,0.000070,0.000230,0.000739,0.002235,0.006361,0.017010,0.042697,0.100493,0.221546,0.457041,0.881497,1.588156,2.671196,4.192044,6.136506,8.377831,10.667435,12.670832,14.045212,14.536931,14.058675,12.714825,10.764163,8.538927,6.353778,4.439186,2.914989,1.800403,1.046643,0.572982,0.295617,0.144269,0.068104,0.035185,0.029358,0.047682,0.099844,0.209790,0.418338,0.784325,1.380543,2.280695,3.536292,5.146066,7.028403,9.009388,10.838849,12.238447,12.969426,12.899385,12.041191,10.549316,8.674197,6.694082,4.848505,3.295932,2.103017,1.259889,0.709945,0.379698,0.201510,0.126530,0.130176,0.213713,0.404186,0.752637,1.327959,2.203162,3.431678,5.017066,6.884259,8.865716,10.715860,12.155994,12.942190,12.932376,12.128363,10.675230,8.818764,6.837416,4.975358,3.397936,2.177971,1.310236,0.739777,0.392008,0.194963,0.091002,0.039867,0.016392,0.006325,0.002291,0.000779,0.000248,0.000074,0.000021,0.000006,0.000001,0.000000,0.000000,0.000000,0.000000,0.000000,0.000000,0.000000,0.000000,0.000000,0.000000,0.000000,0.000000,0.000000,0.000000,0.000000,0.000000,0.000000,0.000000,0.000000,0.000001,0.000003,0.000010,0.000035,0.000120,0.000385,0.001157,0.003262,0.008632,0.021438,0.049978,0.109336,0.224518,0.432683,0.782603,1.328568,2.116640,3.165137,4.441991,5.850818,7.232947,8.391815,9.138146,9.339212,8.958108,8.064398,6.813836,5.403275,4.021644,2.809891,1.844021,1.139639,0.669946,0.389551,0.253540,0.229934,0.304106,0.476878,0.757980,1.157188,1.675562,2.299929,3.004375,3.757124,4.531183,5.309329,6.077614,6.808626,7.442127,7.881536,8.014432,7.754328,7.083749,6.075465,4.878202,3.674625,2.632694,1.870088,1.444054,1.357167,1.569433,2.006206,2.563691,3.118484,3.549272,3.767133,3.743397,3.519827,3.192637,2.874731,2.652244,2.554219,2.547664,2.558587,2.507399,2.342390,2.057629,1.690189,1.302741,0.961710,0.722376,0.624980,0.699104,0.969508,1.455655,2.161485,3.057463,4.065027,5.052746,5.856400,6.319194,6.340122,5.909385,5.113241,4.105208,3.056998,2.111156,1.351863,0.802792,0.442190,0.225985,0.107229,0.047262,0.019371,0.007391,0.002633,0.000892,0.000343,0.000328,0.000820,0.002368,0.006462,0.016323,0.038099,0.082153,0.163661,0.301171,0.512048,0.804229,1.166917,1.564228,1.937020,2.216006,2.342034,2.286685,2.062558,1.718725,1.323070,0.940931,0.618193,0.375201,0.210392,0.108980,0.052152,0.023056,0.009416,0.003553,0.001238,0.000399,0.000119,0.000033,0.000008,0.000002,0.000000,0.000000,0.000000,0.000000,0.000000,0.000000,0.000000,0.000000,0.000000,0.000000,0.000000,0.000000,0.000000,0.000000,0.000000,0.000000
I11=0.000000,0.000000,0.000000,0.000000,0.000000,0.000001,0.000007,0.000046,0.000272,0.001419,0.006623,0.027622,0.102950,0.342889,1.020583,2.714571,6.452264,13.705060,26.013750,44.125420,66.885605,90.601326,109.671654,118.634789,114.680305,99.065773,76.474457,52.755436,32.522247,17.916298,8.820109,3.880233,1.525456,0.535930,0.168255,0.047205,0.011835,0.002651,0.000531,0.000095,0.000015,0.000002,0.000000,0.000000,0.000000,0.000000,0.000000,0.000000,0.000000,0.000000,0.000000,0.000000,0.000000,0.000000,0.000000,0.000000,0.000000,0.000000,0.000000,0.000000,0.000000,0.000000,0.000000,0.000000,0.000000,0.000000,0.000000,0.000000,0.000000,0.000000,0.000000,0.000000,0.000000,0.000000,0.000000,0.000000,0.000000,0.000000,0.000000,0.000000,0.000000,0.000000,0.000000,0.000000,0.000000,0.000000,0.000000,0.000000,0.000000,0.000000,0.000000,0.000000,0.000000,0.000000,0.000000,0.000000,0.000000,0.000000,0.000000,0.000000,0.000000,0.000000,0.000000,0.000000,0.000000,0.000000,0.000000,0.000000,0.000000,0.000000,0.000000,0.000000,0.000000,0.000002,0.000011,0.000058,0.000272,0.001138,0.004264,0.014273,0.042693,0.114125,0.272622,0.581959,1.110183,1.892550,2.883163,3.925281,4.776397,5.196678,5.061566,4.431469,3.533332,2.667960,2.099751,1.979822,2.315455,2.975122,3.722670,4.285664,4.449484,4.139766,3.444841,2.562331,1.703286,1.011849,0.537157,0.254827,0.108033,0.040927,0.013856,0.004192,0.001133,0.000274,0.000059,0.000011,0.000002,0.000000,0.000000,0.000000,0.000000,0.000000,0.000001,0.000007,0.000036,0.000173,0.000752,0.002913,0.010081,0.031181,0.086187,0.212886,0.469918,0.926943,1.633926,2.573781,3.623019,4.557561,5.123307,5.146658,4.620193,3.706421,2.657069,1.702186,0.974490,0.498549,0.227928,0.093118,0.033996,0.011091,0.003234,0.000843,0.000196,0.000041,0.000008,0.000001,0.000000,0.000000,0.000000,0.000000,0.000000,0.000000,0.000000,0.000000,0.000000,0.000000,0.000000,0.000000,0.000000,0.000000,0.000000,0.000000,0.000000,0.000000,0.000000,0.000000,0.000000,0.000000,0.000000,0.000000,0.000000,0.000000,0.000000,0.000000,0.000000,0.000000,0.000000,0.000000,0.000000,0.000000,0.000000,0.000000,0.000000,0.000000,0.000000,0.000000,0.000000,0.000000,0.000000,0.000000,0.000000,0.000000,0.000000,0.000000,0.000000,0.000000,0.000000,0.000000,0.000000,0.000000,0.000000,0.000000,0.000000,0.000000,0.000000,0.000000,0.000000,0.000000,0.000000,0.000000,0.000000,0.000000,0.000000,0.000000,0.000000,0.000000,0.000000,0.000000,0.000000,0.000000,0.000000,0.000000,0.000000,0.000000,0.000000,0.000000,0.000000,0.000000,0.000000,0.000000,0.000000,0.000000,0.000000,0.000000,0.000000,0.000000,0.000000,0.000000,0.000000,0.000000,0.000000,0.000000,0.000001,0.000005,0.000025,0.000118,0.000497,0.001861,0.006232,0.018653,0.049886,0.119229,0.254657,0.486055,0.829016,1.263574,1.721069,2.094876,2.278632,2.214867,1.923894,1.493394,1.035906,0.642130,0.355707,0.176084,0.077895,0.030792,0.010878,0.003434,0.000969,0.000244,0.000055,0.000011,0.000002,0.000000,0.000000,0.000000,0.000000,0.000000,0.000000,0.000000,0.000000,0.000000,0.000000,0.000000,0.000000,0.000000,0.000000,0.000000,0.000000,0.000000,0.000000,0.000000,0.000000,0.000000,0.000000,0.000000,0.000000,0.000000,0.000000,0.000000,0.000000,0.000000,0.000000,0.000000,0.000000,0.000000,0.000000,0.000000,0.000000,0.000000,0.000000,0.000000,0.000000,0.000000,0.000000,0.000000,0.000000,0.000000,0.000000,0.000000,0.000000,0.000000,0.000000,0.000000,0.000000,0.000000,0.000000,0.000000,0.000000,0.000000,0.000003,0.000016,0.000077,0.000335,0.001295,0.004476,0.013830,0.038188,0.094223,0.207762,0.409374,0.720832,1.134263,1.594943,2.004192,2.250550,2.258384,2.025182,1.622897,1.162175,0.743732,0.425325,0.217357,0.099265,0.040510,0.014774,0.004815,0.001402,0.000365,0.000085,0.000018,0.000003,0.000001,0.000000,0.000000,0.000000,0.000000,0.000000,0.000000,0.000000,0.000000,0.000000,0.000000,0.000000,0.000000,0.000000,0.000000,0.000000,0.000000,0.000000,0.000000,0.000000,0.000000,0.000000,0.000000,0.000000,0.000000,0.000000,0.000000,0.000000,0.000000,0.000000,0.000000,0.000000,0.000000,0.000000,0.000000,0.000000,0.000000,0.000000,0.000000,0.000000,0.000000,0.000001,0.000003,0.000007,0.000020,0.000051,0.000128,0.000309,0.000718,0.001604,0.003444,0.007111,0.014117,0.026948,0.049464,0.087304,0.148167,0.241798,0.379424,0.572498,0.830629,1.158808,1.554528,2.005204,2.487117,2.966295,3.401788,3.751279,3.977658,4.055584,3.976094,3.748330,3.397778,2.961633,2.482250,2.000478,1.550255,1.155155,0.827705,0.570251,0.377786,0.240660,0.147408,0.086827,0.049173,0.026779,0.014023,0.007061,0.003419,0.001592,0.000712,0.000307,0.000127,0.000051,0.000019,0.000007,0.000003,0.000001,0.000000,0.000000,0.000000,0.000000,0.000000,0.000000,0.000000,0.000000,0.000000,0.000000,0.000000,0.000000,0.000000,0.000000,0.000000,0.000000,0.000000,0.000000,0.000000,0.000000,0.000000,0.000000,0.000000,0.000000,0.000000,0.000000,0.000000,0.000000,0.000000,0.000000,0.000000,0.000000,0.000000,0.000000,0.000000,0.000000,0.000000,0.000000,0.000000,0.000000,0.000000,0.000000,0.000000,0.000000,0.000000,0.000000,0.000000,0.000000,0.000000,0.000000,0.000000,0.000000,0.000000,0.000000,0.000000,0.000000,0.000000,0.000000,0.000000,0.000000,0.000000,0.000000,0.000000,0.000000,0.000000,0.000000,0.000000,0.000000,0.000000,0.000000,0.000000,0.000000,0.000000,0.000000,0.000000,0.000000,0.000000,0.000000,0.000000,0.000000,0.000000,0.000000,0.000000,0.000000,0.000000,0.000000,0.000000,0.000000,0.000000,0.000000,0.000000,0.000000,0.000000,0.000000,0.000000,0.000000,0.000000,0.000000,0.000000,0.000000,0.000000,0.000000,0.000000,0.000000,0.000000,0.000000,0.000000,0.000000,0.000000,0.000000,0.000000,0.000000,0.000000,0.000000,0.000000,0.000000,0.000000,0.000000,0.000000,0.000000,0.000000,0.000000,0.000000,0.000000,0.000000,0.000000,0.000000,0.000000,0.000000,0.000000,0.000000,0.000000,0.000000,0.000000,0.000000,0.000000,0.000000,0.000000
I12=0.000000,0.000000,0.000000,0.000000,0.000000,0.000000,0.000000,0.000000,0.000000,0.000000,0.000000,0.000000,0.000000,0.000000,0.000000,0.000000,0.000000,0.000000,0.000000,0.000000,0.000000,0.000000,0.000000,0.000000,0.000000,0.000000,0.000000,0.000000,0.000000,0.000000,0.000000,0.000000,0.000000,0.000000,0.000000,0.000000,0.000000,0.000000,0.000000,0.000000,0.000000,0.000000,0.000000,0.000000,0.000000,0.000000,0.000000,0.000000,0.000000,0.000000,0.000000,0.000000,0.000000,0.000000,0.000000,0.000000,0.000000,0.000000,0.000000,0.000000,0.000000,0.000000,0.000000,0.000000,0.000000,0.000000,0.000000,0.000000,0.000000,0.000000,0.000000,0.000000,0.000000,0.000000,0.000000,0.000000,0.000000,0.000000,0.000000,0.000000,0.000000,0.000000,0.000000,0.000000,0.000000,0.000000,0.000000,0.000000,0.000000,0.000000,0.000000,0.000000,0.000000,0.000000,0.000000,0.000000,0.000000,0.000000,0.000000,0.000000,0.000000,0.000000,0.000000,0.000000,0.000000,0.000000,0.000000,0.000000,0.000000,0.000000,0.000000,0.000000,0.000000,0.000000,0.000000,0.000000,0.000000,0.000000,0.000000,0.000000,0.000000,0.000000,0.000000,0.000000,0.000000,0.000000,0.000000,0.000000,0.000000,0.000000,0.000000,0.000000,0.000000,0.000000,0.000000,0.000000,0.000000,0.000000,0.000000,0.000000,0.000000,0.000000,0.000000,0.000000,0.000000,0.000000,0.000000,0.000000,0.000000,0.000000,0.000000,0.000000,0.000000,0.000000,0.000000,0.000000,0.000000,0.000000,0.000000,0.000000,0.000000,0.000000,0.000000,0.000000,0.000000,0.000000,0.000000,0.000000,0.000000,0.000000,0.000000,0.000000,0.000000,0.000000,0.000000,0.000000,0.000000,0.000000,0.000000,0.000000,0.000000,0.000000,0.000000,0.000000,0.000000,0.000000,0.000000,0.000000,0.000000,0.000000,0.000000,0.000000,0.000000,0.000000,0.000000,0.000000,0.000000,0.000000,0.000000,0.000000,0.000000,0.000000,0.000000,0.000000,0.000000,0.000000,0.000000,0.000000,0.000000,0.000000,0.000000,0.000000,0.000000,0.000000,0.000000,0.000000,0.000000,0.000000,0.000000,0.000000,0.000000,0.000000,0.000000,0.000000,0.000000,0.000000,0.000000,0.000000,0.000000,0.000000,0.000000,0.000000,0.000000,0.000000,0.000000,0.000000,0.000000,0.000000,0.000000,0.000000,0.000000,0.000000,0.000000,0.000000,0.000000,0.000000,0.000000,0.000000,0.000000,0.000000,0.000000,0.000000,0.000000,0.000000,0.000000,0.000000,0.000000,0.000000,0.000000,0.000000,0.000000,0.000000,0.000000,0.000000,0.000000,0.000000,0.000000,0.000000,0.000000,0.000000,0.000000,0.000000,0.000000,0.000000,0.000000,0.000000,0.000000,0.000000,0.000000,0.000000,0.000000,0.000000,0.000000,0.000000,0.000000,0.000000,0.000000,0.000000,0.000000,0.000000,0.000000,0.000000,0.000000,0.000000,0.000000,0.000000,0.000000,0.000000,0.000000,0.000000,0.000000,0.000000,0.000000,0.000000,0.000000,0.000000,0.000000,0.000000,0.000000,0.000000,0.000000,0.000000,0.000000,0.000000,0.000000,0.000000,0.000000,0.000000,0.000000,0.000000,0.000000,0.000000,0.000000,0.000000,0.000000,0.000000,0.000000,0.000000,0.000000,0.000000,0.000000,0.000000,0.000000,0.000000,0.000000,0.000000,0.000000,0.000000,0.000000,0.000000,0.000000,0.000000,0.000000,0.000000,0.000000,0.000000,0.000000,0.000000,0.000000,0.000000,0.000000,0.000000,0.000000,0.000000,0.000000,0.000000,0.000000,0.000000,0.000000,0.000000,0.000000,0.000000,0.000000,0.000000,0.000000,0.000000,0.000000,0.000000,0.000000,0.000000,0.000000,0.000000,0.000000,0.000000,0.000000,0.000000,0.000000,0.000000,0.000000,0.000000,0.000000,0.000000,0.000000,0.000000,0.000000,0.000000,0.000000,0.000000,0.000000,0.000000,0.000000,0.000000,0.000000,0.000000,0.000000,0.000000,0.000000,0.000000,0.000000,0.000000,0.000000,0.000000,0.000000,0.000000,0.000000,0.000000,0.000000,0.000000,0.000000,0.000000,0.000000,0.000000,0.000000,0.000000,0.000000,0.000000,0.000000,0.000000,0.000000,0.000000,0.000000,0.000000,0.000000,0.000000,0.000000,0.000000,0.000000,0.000000,0.000000,0.000000,0.000000,0.000000,0.000000,0.000000,0.000000,0.000000,0.000000,0.000000,0.000000,0.000000,0.000000,0.000000,0.000000,0.000000,0.000000,0.000000,0.000000,0.000000,0.000000,0.000000,0.000000,0.000000,0.000000,0.000000,0.000000,0.000000,0.000000,0.000000,0.000000,0.000000,0.000000,0.000000,0.000000,0.000000,0.000000,0.000000,0.000000,0.000000,0.000001,0.000005,0.000046,0.000339,0.002132,0.011430,0.052219,0.203287,0.674415,1.906503,4.592647,9.427884,16.491764,24.583307,31.226303,33.799931,31.176216,24.504511,16.412537,9.367542,4.556073,1.888229,0.666879,0.200684,0.051473,0.011248,0.002095,0.000332,0.000045,0.000005,0.000001,0.000000,0.000000,0.000000,0.000000,0.000000,0.000000,0.000000,0.000000,0.000000,0.000000,0.000000,0.000000,0.000000,0.000000,0.000000,0.000000,0.000000,0.000000,0.000000,0.000000,0.000000,0.000000,0.000000,0.000000,0.000000,0.000000,0.000000,0.000000,0.000000,0.000000,0.000000,0.000000,0.000000,0.000000,0.000000,0.000000,0.000000,0.000000,0.000000,0.000000,0.000000,0.000000,0.000000,0.000000,0.000000,0.000000,0.000000,0.000000,0.000000,0.000000,0.000000,0.000000,0.000000,0.000000,0.000000,0.000000,0.000000,0.000000,0.000000,0.000000,0.000000,0.000000,0.000000,0.000000,0.000000,0.000000,0.000000,0.000000,0.000000,0.000000,0.000000,0.000000,0.000000,0.000001,0.000009,0.000064,0.000372,0.001836,0.007711,0.027606,0.084215,0.218921,0.484980,0.915436,1.472598,2.018539,2.357789,2.346848,1.990607,1.438749,0.886151,0.465099,0.208002,0.079280,0.025746,0.007125,0.001680,0.000338,0.000058,0.000008,0.000001,0.000000,0.000000,0.000000,0.000000,0.000000,0.000000,0.000000,0.000000,0.000000,0.000000,0.000000,0.000000,0.000000,0.000000,0.000000,0.000000,0.000000,0.000000,0.000000,0.000000,0.000000,0.000000,0.000000,0.000000,0.000000,0.000000,0.000000,0.000000,0.000000,0.000000,0.000000,0.000000,0.000000,0.000000,0.000000,0.000000,0.000000,0.000000,0.000000,0.000000,0.000000,0.000000,0.000000,0.000000,0.000000,0.000000,0.000000,0.000000,0.000000,0.000000
I13=0.000000,0.000000,0.000000,0.000000,0.000000,0.000000,0.000000,0.000000,0.000000,0.000000,0.000000,0.000000,0.000001,0.000005,0.000044,0.000323,0.002054,0.011356,0.054567,0.227980,0.828113,2.615234,7.180587,17.140783,35.574371,64.190674,100.701218,137.349045,162.871002,167.915985,150.511047,117.293198,79.470398,46.813488,23.975126,10.675270,4.132614,1.390910,0.407017,0.103549,0.022904,0.004404,0.000736,0.000107,0.000014,0.000001,0.000000,0.000000,0.000000,0.000000,0.000000,0.000000,0.000000,0.000000,0.000000,0.000000,0.000000,0.000000,0.000000,0.000000,0.000000,0.000000,0.000000,0.000000,0.000000,0.000000,0.000000,0.000000,0.000000,0.000000,0.000000,0.000000,0.000000,0.000000,0.000000,0.000000,0.000000,0.000000,0.000000,0.000000,0.000000,0.000000,0.000000,0.000000,0.000000,0.000000,0.000000,0.000000,0.000000,0.000000,0.000000,0.000000,0.000000,0.000000,0.000000,0.000000,0.000000,0.000000,0.000000,0.000000,0.000000,0.000000,0.000000,0.000000,0.000000,0.000000,0.000000,0.000000,0.000000,0.000000,0.000000,0.000000,0.000000,0.000000,0.000000,0.000000,0.000000,0.000000,0.000000,0.000000,0.000000,0.000000,0.000000,0.000001,0.000007,0.000041,0.000209,0.000932,0.003621,0.012234,0.035932,0.091757,0.203719,0.393242,0.660067,0.963907,1.227756,1.380124,1.441112,1.664164,2.787258,6.452949,15.664518,34.694885,67.532387,114.544731,168.998718,216.802780,241.815201,234.494736,197.702820,144.917206,92.353874,51.171005,24.649645,10.324016,3.760429,1.195503,0.347299,0.140487,0.186126,0.406649,0.834834,1.499359,2.342300,3.181466,3.757002,3.857303,3.443136,2.672117,1.802948,1.057655,0.539415,0.239182,0.092209,0.030907,0.009007,0.002282,0.000503,0.000096,0.000016,0.000002,0.000000,0.000000,0.000000,0.000000,0.000000,0.000001,0.000002,0.000005,0.000011,0.000025,0.000055,0.000120,0.000254,0.000524,0.001054,0.002070,0.003961,0.007391,0.013444,0.023843,0.041227,0.069501,0.114229,0.183041,0.285959,0.435565,0.646823,0.936476,1.321882,1.819172,2.440871,3.193008,4.072262,5.063567,6.138503,7.255311,8.360531,9.392781,10.288207,10.986776,11.438958,11.611476,11.491498,11.088595,10.435638,9.594109,8.681616,7.964582,8.090092,10.510242,17.963902,34.470215,63.963009,107.206314,158.373245,204.470306,229.999573,225.144684,191.702530,141.950256,91.399269,51.173531,24.915958,10.550916,3.887081,1.246788,0.348865,0.085609,0.018699,0.003795,0.000798,0.000208,0.000072,0.000030,0.000013,0.000005,0.000002,0.000001,0.000000,0.000000,0.000000,0.000000,0.000000,0.000000,0.000000,0.000000,0.000000,0.000000,0.000000,0.000000,0.000000,0.000000,0.000000,0.000000,0.000000,0.000000,0.000000,0.000000,0.000000,0.000000,0.000000,0.000000,0.000000,0.000000,0.000000,0.000000,0.000000,0.000000,0.000000,0.000000,0.000000,0.000000,0.000000,0.000000,0.000000,0.000000,0.000001,0.000003,0.000006,0.000013,0.000028,0.000059,0.000123,0.000246,0.000483,0.000922,0.001717,0.003118,0.005519,0.009525,0.016028,0.026293,0.042052,0.065572,0.099686,0.147755,0.213518,0.300820,0.413203,0.553363,0.722498,0.919704,1.141428,1.381115,1.629292,1.873917,2.101293,2.297256,2.448587,2.544528,2.578002,2.546503,2.452390,2.302610,2.107826,1.881201,1.636896,1.388637,1.148535,0.926150,0.728126,0.558106,0.417069,0.303870,0.215847,0.149485,0.100933,0.066442,0.042643,0.026683,0.016278,0.009682,0.005614,0.003174,0.001750,0.000940,0.000493,0.000252,0.000126,0.000063,0.000034,0.000024,0.000028,0.000048,0.000094,0.000185,0.000356,0.000670,0.001228,0.002197,0.003832,0.006514,0.010798,0.017450,0.027496,0.042238,0.063262,0.092406,0.131733,0.183779,0.252822,0.349258,0.500647,0.772283,1.291615,2.250735,3.844598,6.123709,8.823391,11.323527,12.859561,12.914283,11.514906,9.199881,6.689687,4.531613,2.947935,1.903681,1.255371,0.859740,0.614186,0.455904,0.349968,0.278693,0.234221,0.213769,0.216827,0.243763,0.295145,0.371340,0.472110,0.596201,0.740922,0.901799,1.072487,1.244851,1.409453,1.556245,1.675496,1.758840,1.800192,1.796507,1.748149,1.658884,1.535442,1.386805,1.223245,1.055353,0.893200,0.745637,0.619948,0.521685,0.454750,0.421572,0.423278,0.459811,0.529923,0.631056,0.759145,0.908476,1.071599,1.239520,1.402101,1.548721,1.669199,1.754730,1.798839,1.798077,1.752405,1.665167,1.542672,1.393407,1.227063,1.053522,0.881867,0.719698,0.572642,0.444218,0.335969,0.247731,0.178096,0.124828,0.085300,0.056830,0.036913,0.023376,0.014433,0.008688,0.005099,0.002917,0.001627,0.000885,0.000469,0.000243,0.000122,0.000060,0.000029,0.000014,0.000007,0.000004,0.000005,0.000008,0.000016,0.000034,0.000070,0.000139,0.000271,0.000516,0.000956,0.001728,0.003046,0.005234,0.008769,0.014322,0.022807,0.035407,0.053594,0.079091,0.113793,0.159626,0.218299,0.291077,0.378389,0.479572,0.592598,0.713903,0.838523,0.960218,1.072038,1.166911,1.238356,1.281273,1.292472,1.271118,1.218804,1.139385,1.038454,0.922766,0.799431,0.675226,0.556051,0.446429,0.349447,0.266683,0.198420,0.143941,0.101813,0.070296,0.047782,0.033896,0.032657,0.061010,0.167366,0.460838,1.135356,2.445584,4.586214,7.479450,10.606382,13.078613,14.026040,13.091967,10.658626,7.617341,4.868976,2.931001,1.867293,1.484493,1.581630,2.091672,3.052819,4.452001,6.059800,7.412512,8.005590,7.590937,6.353428,4.826080,3.610988,3.101586,3.344755,4.062214,4.791443,5.096352,4.764559,3.885096,2.756706,1.701187,0.913243,0.428378,0.183905,0.102418,0.152272,0.378657,0.909881,1.921302,3.531283,5.643132,7.840477,9.471078,9.946698,9.082127,7.209867,4.976194,2.985924,1.557861,0.706581,0.278643,0.095536,0.028476,0.007381,0.001663,0.000326,0.000055,0.000008,0.000001,0.000000,0.000000,0.000004,0.000026,0.000153,0.000784,0.003503,0.013609,0.045967,0.134968,0.344597,0.764872,1.476038,2.476574,3.612484,4.581538,5.051692,4.842759,4.036184,2.924799,1.842577,1.009250,0.480620,0.198978,0.071631,0.022416,0.006099,0.001443,0.000297,0.000053,0.000008,0.000001,0.000000,0.000000,0.000000,0.000000,0.000000,0.000000,0.000000,0.000000,0.000000,0.000000,0.000000,0.000000,0.000000,0.000000,0.000000,0.000000,0.000000,0.000000,0.000000,0.000000
I14=0.000000,0.000000,0.000000,0.000000,0.000000,0.000000,0.000000,0.000000,0.000000,0.000000,0.000003,0.000018,0.000113,0.000624,0.003081,0.013602,0.053666,0.189210,0.596123,1.678400,4.222920,9.494854,19.077511,34.253799,54.961567,78.807495,100.979652,115.626732,118.315300,108.188789,88.405968,64.556343,42.126389,24.565891,12.801617,5.961493,2.480866,0.922592,0.306608,0.091056,0.024165,0.005731,0.001215,0.000230,0.000039,0.000006,0.000001,0.000000,0.000000,0.000000,0.000000,0.000000,0.000000,0.000000,0.000000,0.000000,0.000000,0.000000,0.000000,0.000000,0.000000,0.000000,0.000000,0.000000,0.000000,0.000000,0.000000,0.000000,0.000000,0.000000,0.000000,0.000000,0.000000,0.000000,0.000000,0.000000,0.000000,0.000000,0.000000,0.000000,0.000000,0.000000,0.000000,0.000000,0.000000,0.000000,0.000000,0.000000,0.000000,0.000000,0.000000,0.000000,0.000000,0.000000,0.000000,0.000000,0.000000,0.000000,0.000000,0.000000,0.000000,0.000000,0.000000,0.000000,0.000000,0.000000,0.000000,0.000000,0.000000,0.000000,0.000000,0.000000,0.000000,0.000000,0.000000,0.000000,0.000000,0.000000,0.000000,0.000000,0.000001,0.000007,0.000038,0.000182,0.000788,0.003039,0.010481,0.032298,0.088944,0.218892,0.481379,0.946041,1.661467,2.607541,3.657176,4.584060,5.136168,5.147648,4.625648,3.755926,2.825905,2.115293,1.812241,1.975929,2.533440,3.297124,4.008304,4.414740,4.363011,3.857879,3.049482,2.154295,1.360052,0.767314,0.386847,0.174291,0.070172,0.025247,0.008118,0.002332,0.000599,0.000137,0.000028,0.000005,0.000001,0.000000,0.000000,0.000000,0.000000,0.000000,0.000000,0.000002,0.000014,0.000074,0.000342,0.001408,0.005182,0.017047,0.050109,0.131627,0.308979,0.648146,1.215028,2.035428,3.047024,4.076203,4.872991,5.205896,4.969944,4.240013,3.232531,2.202308,1.340801,0.729469,0.354665,0.154095,0.059830,0.020758,0.006436,0.001783,0.000442,0.000098,0.000019,0.000003,0.000001,0.000000,0.000000,0.000000,0.000000,0.000000,0.000000,0.000000,0.000000,0.000000,0.000000,0.000000,0.000000,0.000000,0.000000,0.000000,0.000000,0.000000,0.000000,0.000000,0.000000,0.000000,0.000000,0.000000,0.000000,0.000000,0.000000,0.000000,0.000000,0.000000,0.000000,0.000000,0.000000,0.000000,0.000000,0.000000,0.000000,0.000000,0.000000,0.000000,0.000000,0.000000,0.000000,0.000000,0.000000,0.000000,0.000000,0.000000,0.000000,0.000000,0.000000,0.000000,0.000000,0.000000,0.000000,0.000000,0.000000,0.000000,0.000000,0.000000,0.000000,0.000000,0.000000,0.000000,0.000000,0.000000,0.000000,0.000000,0.000000,0.000000,0.000000,0.000000,0.000000,0.000000,0.000000,0.000000,0.000000,0.000000,0.000000,0.000000,0.000000,0.000000,0.000000,0.000000,0.000000,0.000000,0.000000,0.000000,0.000000,0.000000,0.000000,0.000000,0.000000,0.000000,0.000000,0.000000,0.000000,0.000000,0.000000,0.000000,0.000001,0.000005,0.000029,0.000133,0.000553,0.002054,0.006820,0.020231,0.053634,0.127064,0.268998,0.508905,0.860367,1.299861,1.754956,2.117334,2.282824,2.199449,1.893716,1.457054,1.001819,0.615556,0.337984,0.165841,0.072719,0.028494,0.009978,0.003122,0.000873,0.000218,0.000049,0.000010,0.000002,0.000000,0.000000,0.000000,0.000000,0.000000,0.000000,0.000000,0.000000,0.000000,0.000000,0.000000,0.000000,0.000000,0.000000,0.000000,0.000000,0.000000,0.000000,0.000000,0.000000,0.000000,0.000000,0.000000,0.000000,0.000000,0.000000,0.000000,0.000000,0.000000,0.000000,0.000000,0.000000,0.000000,0.000000,0.000000,0.000000,0.000000,0.000000,0.000000,0.000000,0.000000,0.000000,0.000000,0.000000,0.000000,0.000000,0.000000,0.000000,0.000000,0.000000,0.000000,0.000000,0.000000,0.000000,0.000000,0.000000,0.000000,0.000000,0.000000,0.000002,0.000011,0.000053,0.000236,0.000940,0.003340,0.010608,0.030107,0.076356,0.173050,0.350486,0.634330,1.025935,1.482825,1.915193,2.210531,2.280013,2.101541,1.730988,1.274126,0.838075,0.492628,0.258771,0.121467,0.050953,0.019100,0.006398,0.001915,0.000512,0.000122,0.000026,0.000005,0.000001,0.000000,0.000000,0.000000,0.000000,0.000000,0.000000,0.000000,0.000000,0.000000,0.000000,0.000000,0.000000,0.000000,0.000000,0.000000,0.000000,0.000000,0.000000,0.000000,0.000000,0.000000,0.000000,0.000000,0.000000,0.000000,0.000000,0.000001,0.000003,0.000007,0.000020,0.000051,0.000128,0.000309,0.000718,0.001604,0.003444,0.007111,0.014117,0.026948,0.049464,0.087304,0.148167,0.241798,0.379424,0.572498,0.830629,1.158808,1.554528,2.005204,2.487117,2.966295,3.401788,3.751279,3.977658,4.055584,3.976094,3.748330,3.397778,2.961633,2.482250,2.000478,1.550255,1.155155,0.827705,0.570251,0.377786,0.240660,0.147408,0.086827,0.049173,0.026779,0.014023,0.007061,0.003419,0.001592,0.000712,0.000307,0.000127,0.000051,0.000019,0.000007,0.000003,0.000001,0.000000,0.000000,0.000000,0.000000,0.000000,0.000000,0.000000,0.000000,0.000000,0.000000,0.000000,0.000000,0.000000,0.000000,0.000000,0.000000,0.000000,0.000000,0.000000,0.000000,0.000000,0.000000,0.000000,0.000000,0.000000,0.000000,0.000000,0.000000,0.000000,0.000000,0.000000,0.000000,0.000000,0.000000,0.000000,0.000000,0.000000,0.000000,0.000000,0.000000,0.000000,0.000000,0.000000,0.000000,0.000000,0.000000,0.000000,0.000000,0.000000,0.000000,0.000000,0.000000,0.000000,0.000000,0.000000,0.000000,0.000000,0.000000,0.000000,0.000000,0.000000,0.000000,0.000000,0.000000,0.000000,0.000000,0.000000,0.000000,0.000000,0.000000,0.000000,0.000000,0.000000,0.000000,0.000000,0.000000,0.000000,0.000000,0.000000,0.000000,0.000000,0.000000,0.000000,0.000000,0.000000,0.000000,0.000000,0.000000,0.000000,0.000000,0.000000,0.000000,0.000000,0.000000,0.000000,0.000000,0.000000,0.000000,0.000000,0.000000,0.000000,0.000000,0.000000,0.000000,0.000000,0.000000,0.000000,0.000000,0.000000,0.000000,0.000000,0.000000,0.000000,0.000000,0.000000,0.000000,0.000000,0.000000,0.000000,0.000000,0.000000,0.000000,0.000000,0.000000,0.000000,0.000000,0.000000,0.000000,0.000000,0.000000,0.000000,0.000000,0.000000,0.000000,0.000000,0.000000,0.000000,0.000000
I15=0.000000,0.000000,0.000000,0.000000,0.000000,0.000000,0.000000,0.000000,0.000000,0.000000,0.000000,0.000000,0.000000,0.000000,0.000000,0.000001,0.000010,0.000093,0.000745,0.005084,0.029550,0.146363,0.617756,2.221799,6.809518,17.784441,39.580067,75.062866,121.306137,167.054199,196.039856,196.039551,167.053421,121.306137,75.062057,39.579521,17.784143,6.809383,2.221799,0.617740,0.146359,0.029549,0.005084,0.000745,0.000093,0.000010,0.000001,0.000000,0.000000,0.000000,0.000000,0.000000,0.000000,0.000000,0.000000,0.000000,0.000000,0.000000,0.000000,0.000000,0.000000,0.000000,0.000000,0.000000,0.000000,0.000000,0.000000,0.000000,0.000000,0.000000,0.000000,0.000000,0.000000,0.000000,0.000000,0.000000,0.000000,0.000000,0.000000,0.000000,0.000000,0.000000,0.000000,0.000000,0.000000,0.000000,0.000000,0.000000,0.000000,0.000000,0.000000,0.000000,0.000000,0.000000,0.000000,0.000000,0.000000,0.000000,0.000000,0.000000,0.000000,0.000000,0.000000,0.000000,0.000000,0.000000,0.000000,0.000000,0.000000,0.000000,0.000000,0.000000,0.000000,0.000000,0.000000,0.000000,0.000000,0.000000,0.000000,0.000000,0.000000,0.000000,0.000000,0.000000,0.000000,0.000000,0.000000,0.000002,0.000014,0.000089,0.000485,0.002239,0.008813,0.029557,0.084478,0.205746,0.427010,0.755210,1.138327,1.463335,1.610930,1.555551,1.489921,2.038806,4.738031,12.824731,31.727798,67.721687,123.432961,191.781723,253.930588,286.511688,275.475372,225.703308,157.579910,93.752625,47.530754,20.534231,7.559738,2.371874,0.635950,0.153211,0.061451,0.112883,0.299446,0.702908,1.408784,2.406281,3.502378,4.344012,4.591280,4.135143,3.173632,2.075545,1.156721,0.549338,0.222314,0.076664,0.022528,0.005641,0.001204,0.000219,0.000034,0.000004,0.000001,0.000000,0.000000,0.000000,0.000000,0.000000,0.000000,0.000000,0.000000,0.000000,0.000000,0.000000,0.000000,0.000000,0.000000,0.000000,0.000000,0.000000,0.000000,0.000000,0.000000,0.000000,0.000000,0.000000,0.000000,0.000000,0.000000,0.000000,0.000000,0.000000,0.000000,0.000000,0.000000,0.000000,0.000000,0.000000,0.000000,0.000000,0.000000,0.000000,0.000000,0.000000,0.000000,0.000002,0.000025,0.000229,0.001754,0.011452,0.063715,0.302078,1.220356,4.201157,12.324418,30.810078,65.634003,119.142334,184.297043,242.932510,272.877960,261.192688,213.043350,148.077805,87.705513,44.265587,19.037733,6.977372,2.179132,0.579950,0.131518,0.025415,0.004185,0.000587,0.000070,0.000007,0.000001,0.000000,0.000000,0.000000,0.000000,0.000000,0.000000,0.000000,0.000000,0.000000,0.000000,0.000000,0.000000,0.000000,0.000000,0.000000,0.000000,0.000000,0.000000,0.000000,0.000000,0.000000,0.000000,0.000000,0.000000,0.000000,0.000000,0.000000,0.000000,0.000000,0.000000,0.000000,0.000000,0.000000,0.000000,0.000000,0.000000,0.000000,0.000000,0.000000,0.000000,0.000000,0.000000,0.000000,0.000000,0.000000,0.000000,0.000000,0.000000,0.000000,0.000000,0.000000,0.000000,0.000000,0.000000,0.000000,0.000000,0.000000,0.000000,0.000000,0.000000,0.000000,0.000000,0.000000,0.000000,0.000000,0.000000,0.000000,0.000000,0.000000,0.000000,0.000000,0.000000,0.000000,0.000000,0.000000,0.000000,0.000000,0.000000,0.000000,0.000000,0.000000,0.000000,0.000000,0.000000,0.000000,0.000000,0.000000,0.000000,0.000000,0.000000,0.000000,0.000000,0.000000,0.000000,0.000000,0.000000,0.000000,0.000000,0.000000,0.000000,0.000000,0.000000,0.000000,0.000000,0.000000,0.000000,0.000000,0.000000,0.000000,0.000000,0.000000,0.000000,0.000000,0.000000,0.000000,0.000000,0.000000,0.000000,0.000000,0.000000,0.000000,0.000000,0.000000,0.000000,0.000000,0.000003,0.000027,0.000191,0.001169,0.006093,0.027058,0.102387,0.330164,0.907207,2.124213,4.238529,7.206666,10.441756,12.891996,13.563813,12.160608,9.290611,6.048391,3.355492,1.586308,0.639024,0.219370,0.064169,0.015996,0.003398,0.000615,0.000095,0.000012,0.000001,0.000000,0.000000,0.000000,0.000000,0.000000,0.000000,0.000000,0.000000,0.000000,0.000000,0.000000,0.000000,0.000000,0.000000,0.000000,0.000000,0.000000,0.000000,0.000000,0.000000,0.000000,0.000000,0.000000,0.000000,0.000000,0.000000,0.000000,0.000000,0.000000,0.000000,0.000000,0.000000,0.000000,0.000000,0.000000,0.000000,0.000000,0.000000,0.000000,0.000000,0.000000,0.000000,0.000000,0.000000,0.000000,0.000000,0.000000,0.000000,0.000000,0.000000,0.000000,0.000000,0.000000,0.000000,0.000000,0.000000,0.000000,0.000000,0.000000,0.000000,0.000000,0.000000,0.000000,0.000000,0.000000,0.000000,0.000000,0.000000,0.000000,0.000000,0.000000,0.000000,0.000000,0.000000,0.000000,0.000000,0.000000,0.000000,0.000000,0.000000,0.000000,0.000000,0.000000,0.000000,0.000000,0.000000,0.000000,0.000000,0.000000,0.000000,0.000000,0.000000,0.000000,0.000000,0.000000,0.000000,0.000000,0.000000,0.000000,0.000000,0.000000,0.000000,0.000000,0.000000,0.000000,0.000000,0.000000,0.000000,0.000000,0.000000,0.000000,0.000000,0.000000,0.000000,0.000000,0.000000,0.000000,0.000000,0.000000,0.000000,0.000000,0.000000,0.000003,0.000028,0.000201,0.001245,0.006571,0.029548,0.113234,0.369707,1.028788,2.439344,4.928741,8.486555,12.451424,15.569317,16.592985,15.081638,11.714813,7.834384,4.624697,2.601964,1.651717,1.394661,1.538267,2.040691,3.054128,4.688445,6.732533,8.567794,9.436865,8.923603,7.262071,5.204148,3.582792,2.920326,3.282652,4.323257,5.435513,6.002382,5.690147,4.604668,3.176641,1.867573,0.935811,0.400040,0.148455,0.059667,0.070191,0.200803,0.574470,1.416853,2.980135,5.341969,8.159244,10.620289,11.779487,11.133492,8.966886,6.154411,3.599284,1.793808,0.761817,0.275679,0.085025,0.022342,0.005003,0.000955,0.000155,0.000022,0.000003,0.000000,0.000000,0.000000,0.000000,0.000001,0.000012,0.000084,0.000515,0.002686,0.011929,0.045143,0.145576,0.400068,0.936767,1.869373,3.178701,4.605942,5.687304,5.984128,5.365478,4.099509,2.669133,1.480818,0.700152,0.282061,0.096836,0.028330,0.007062,0.001500,0.000272,0.000042,0.000006,0.000001,0.000000,0.000000,0.000000,0.000000,0.000000,0.000000,0.000000,0.000000,0.000000,0.000000,0.000000,0.000000,0.000000

P1=[37.105,300.000,0.500],[44.441,6.600,0.500],[47.939,66.600,0.500],[49.918,53.400,0.500],[54.046,33.400,0.500],[56.929,46.600,0.500],[59.522,46.600,0.500],[66.022,33.400,0.500],[68.240,13.400,0.500],[72.659,6.600,0.500]
P2=[16.637,118.898,0.596],[24.935,8.279,1.010],[26.038,2.760,1.010],[26.824,5.208,0.596],[27.844,4.446,0.596],[31.559,5.208,0.596],[42.535,5.207,1.010],[44.018,2.287,0.596],[49.375,0.762,0.596],[49.739,0.360,1.010],[52.595,2.287,0.596],[57.683,0.552,1.010],[67.262,1.080,1.010]
P3=[24.935,69.000,0.500],[26.038,23.000,0.500],[42.445,29.000,0.500],[42.535,43.400,0.500],[49.739,3.000,0.500],[57.683,4.600,0.500],[60.058,5.600,0.500],[67.262,9.000,0.500],[68.508,2.600,0.500],[77.854,0.400,0.500]
P4=[24.935,23.000,0.750],[26.038,7.667,0.750],[27.258,3.867,0.750],[42.445,9.667,0.750],[42.535,14.467,0.750],[49.739,1.000,0.750],[57.683,1.533,0.750],[60.058,1.867,0.750],[67.262,3.000,0.750],[68.508,0.867,0.750],[70.824,1.600,0.750]
P5=[27.258,11.600,0.500],[70.824,4.800,0.500]
P6=[17.872,19.676,1.059],[29.828,28.333,1.059],[37.309,204.514,0.581],[38.835,26.956,1.059],[44.685,4.499,0.581],[48.202,45.402,0.581],[50.191,36.403,0.581],[54.241,1.338,1.059],[54.343,22.769,0.581],[57.241,31.768,0.581],[59.849,31.768,0.581],[66.384,22.769,0.581],[68.614,9.135,0.581],[69.200,1.633,1.059],[70.611,0.925,1.059],[71.505,0.590,1.059],[73.057,4.499,0.581],[73.185,1.161,1.059],[76.420,0.590,1.059]
P7=[16.883,118.898,0.596],[27.220,5.208,0.596],[28.256,4.446,0.596],[32.025,5.208,0.596],[44.669,2.287,0.596],[50.104,0.762,0.596],[53.372,2.287,0.596],[63.299,3.725,1.031]
P8=[24.935,23.000,0.750],[26.038,7.667,0.750],[42.445,9.667,0.750],[42.535,14.467,0.750],[49.739,1.000,0.750],[57.683,1.533,0.750],[60.058,1.867,0.750],[63.299,11.267,0.750],[67.262,3.000,0.750],[68.508,0.867,0.750],[73.547,0.800,0.750]
P9=[27.258,3.867,0.750],[63.299,11.267,0.750],[73.547,0.800,0.750]
P10=[17.872,78.189,0.711],[29.828,112.593,0.711],[31.669,1.798,0.711],[37.309,83.951,0.794],[38.835,107.119,0.711],[44.685,1.847,0.794],[48.202,18.637,0.794],[50.191,14.943,0.794],[54.241,5.317,0.711],[54.343,9.347,0.794],[57.241,13.040,0.794],[59.849,13.040,0.794],[66.384,9.347,0.794],[68.614,3.750,0.794],[69.200,6.490,0.711],[70.611,3.675,0.711],[71.505,2.346,0.711],[73.057,1.847,0.794],[73.185,4.613,0.711],[76.420,2.346,0.711]
P11=[17.320,118.898,0.596],[27.924,5.208,0.596],[28.987,4.446,0.596],[32.854,5.208,0.596],[45.825,2.287,0.596],[54.753,2.287,0.596],[63.299,4.056,1.010]
P12=[63.299,33.800,0.500],[73.547,2.400,0.500]
P13=[17.872,168.853,0.535],[28.720,1.351,0.535],[29.828,243.148,0.535],[31.669,3.884,0.535],[37.309,11.613,1.256],[38.835,231.328,0.535],[48.202,2.578,1.256],[54.241,11.482,0.535],[54.343,1.293,1.256],[54.616,0.844,0.535],[57.241,1.804,1.256],[59.849,1.804,1.256],[66.384,1.293,1.256],[69.200,14.015,0.535],[69.986,0.844,0.535],[70.611,7.936,0.535],[71.505,5.066,0.535],[73.185,9.962,0.535],[76.420,5.066,0.535]
P14=[17.770,118.898,0.596],[28.651,5.208,0.596],[29.741,4.446,0.596],[33.709,5.208,0.596],[47.017,2.287,0.596],[56.178,2.287,0.596],[63.299,4.056,1.010]
P15=[18.050,200.000,0.500],[29.006,1.600,0.500],[30.125,288.000,0.500],[31.985,4.600,0.500],[39.223,274.000,0.500],[54.782,13.600,0.500],[69.890,16.600,0.500],[70.684,1.000,0.500],[71.316,9.400,0.500],[72.218,6.000,0.500],[73.915,11.800,0.500],[77.182,6.000,0.500]
