Description=Synthetic type:abc, p:20, n:5, r:20, s:1
UUID=50ed6acb-0b63-4a01-95c9-42f4df388682
Format_Version=1.0

// Metadata
M=3
Elements=A,B,C
N=15
Composition=CA,CB,CC

// Deposition/Composition data
CA=0.000,0.000,0.000,0.000,0.000,0.250,0.250,0.250,0.250,0.500,0.500,0.500,0.750,0.750,1.000
CB=0.000,0.250,0.500,0.750,1.000,0.000,0.250,0.500,0.750,0.000,0.250,0.500,0.000,0.250,0.000
CC=1.000,0.750,0.500,0.250,0.000,0.750,0.500,0.250,0.000,0.500,0.250,0.000,0.250,0.000,0.000

//Integrated counts data
Q=15.000,15.100,15.200,15.300,15.400,15.500,15.600,15.700,15.800,15.900,16.000,16.100,16.200,16.300,16.400,16.500,16.600,16.700,16.800,16.900,17.000,17.100,17.200,17.300,17.400,17.500,17.600,17.700,17.800,17.900,18.000,18.100,18.200,18.300,18.400,18.500,18.600,18.700,18.800,18.900,19.000,19.100,19.200,19.300,19.400,19.500,19.600,19.700,19.800,19.900,20.000,20.100,20.200,20.300,20.400,20.500,20.600,20.700,20.800,20.900,21.000,21.100,21.200,21.300,21.400,21.500,21.600,21.700,21.800,21.900,22.000,22.100,22.200,22.300,22.400,22.500,22.600,22.700,22.800,22.900,23.000,23.100,23.200,23.300,23.400,23.500,23.600,23.700,23.800,23.900,24.000,24.100,24.200,24.300,24.400,24.500,24.600,24.700,24.800,24.900,25.000,25.100,25.200,25.300,25.400,25.500,25.600,25.700,25.800,25.900,26.000,26.100,26.200,26.300,26.400,26.500,26.600,26.700,26.800,26.900,27.000,27.100,27.200,27.300,27.400,27.500,27.600,27.700,27.800,27.900,28.000,28.100,28.200,28.300,28.400,28.500,28.600,28.700,28.800,28.900,29.000,29.100,29.200,29.300,29.400,29.500,29.600,29.700,29.800,29.900,30.000,30.100,30.200,30.300,30.400,30.500,30.600,30.700,30.800,30.900,31.000,31.100,31.200,31.300,31.400,31.500,31.600,31.700,31.800,31.900,32.000,32.100,32.200,32.300,32.400,32.500,32.600,32.700,32.800,32.900,33.000,33.100,33.200,33.300,33.400,33.500,33.600,33.700,33.800,33.900,34.000,34.100,34.200,34.300,34.400,34.500,34.600,34.700,34.800,34.900,35.000,35.100,35.200,35.300,35.400,35.500,35.600,35.700,35.800,35.900,36.000,36.100,36.200,36.300,36.400,36.500,36.600,36.700,36.800,36.900,37.000,37.100,37.200,37.300,37.400,37.500,37.600,37.700,37.800,37.900,38.000,38.100,38.200,38.300,38.400,38.500,38.600,38.700,38.800,38.900,39.000,39.100,39.200,39.300,39.400,39.500,39.600,39.700,39.800,39.900,40.000,40.100,40.200,40.300,40.400,40.500,40.600,40.700,40.800,40.900,41.000,41.100,41.200,41.300,41.400,41.500,41.600,41.700,41.800,41.900,42.000,42.100,42.200,42.300,42.400,42.500,42.600,42.700,42.800,42.900,43.000,43.100,43.200,43.300,43.400,43.500,43.600,43.700,43.800,43.900,44.000,44.100,44.200,44.300,44.400,44.500,44.600,44.700,44.800,44.900,45.000,45.100,45.200,45.300,45.400,45.500,45.600,45.700,45.800,45.900,46.000,46.100,46.200,46.300,46.400,46.500,46.600,46.700,46.800,46.900,47.000,47.100,47.200,47.300,47.400,47.500,47.600,47.700,47.800,47.900,48.000,48.100,48.200,48.300,48.400,48.500,48.600,48.700,48.800,48.900,49.000,49.100,49.200,49.300,49.400,49.500,49.600,49.700,49.800,49.900,50.000,50.100,50.200,50.300,50.400,50.500,50.600,50.700,50.800,50.900,51.000,51.100,51.200,51.300,51.400,51.500,51.600,51.700,51.800,51.900,52.000,52.100,52.200,52.300,52.400,52.500,52.600,52.700,52.800,52.900,53.000,53.100,53.200,53.300,53.400,53.500,53.600,53.700,53.800,53.900,54.000,54.100,54.200,54.300,54.400,54.500,54.600,54.700,54.800,54.900,55.000,55.100,55.200,55.300,55.400,55.500,55.600,55.700,55.800,55.900,56.000,56.100,56.200,56.300,56.400,56.500,56.600,56.700,56.800,56.900,57.000,57.100,57.200,57.300,57.400,57.500,57.600,57.700,57.800,57.900,58.000,58.100,58.200,58.300,58.400,58.500,58.600,58.700,58.800,58.900,59.000,59.100,59.200,59.300,59.400,59.500,59.600,59.700,59.800,59.900,60.000,60.100,60.200,60.300,60.400,60.500,60.600,60.700,60.800,60.900,61.000,61.100,61.200,61.300,61.400,61.500,61.600,61.700,61.800,61.900,62.000,62.100,62.200,62.300,62.400,62.500,62.600,62.700,62.800,62.900,63.000,63.100,63.200,63.300,63.400,63.500,63.600,63.700,63.800,63.900,64.000,64.100,64.200,64.300,64.400,64.500,64.600,64.700,64.800,64.900,65.000,65.100,65.200,65.300,65.400,65.500,65.600,65.700,65.800,65.900,66.000,66.100,66.200,66.300,66.400,66.500,66.600,66.700,66.800,66.900,67.000,67.100,67.200,67.300,67.400,67.500,67.600,67.700,67.800,67.900,68.000,68.100,68.200,68.300,68.400,68.500,68.600,68.700,68.800,68.900,69.000,69.100,69.200,69.300,69.400,69.500,69.600,69.700,69.800,69.900,70.000,70.100,70.200,70.300,70.400,70.500,70.600,70.700,70.800,70.900,71.000,71.100,71.200,71.300,71.400,71.500,71.600,71.700,71.800,71.900,72.000,72.100,72.200,72.300,72.400,72.500,72.600,72.700,72.800,72.900,73.000,73.100,73.200,73.300,73.400,73.500,73.600,73.700,73.800,73.900,74.000,74.100,74.200,74.300,74.400,74.500,74.600,74.700,74.800,74.900,75.000,75.100,75.200,75.300,75.400,75.500,75.600,75.700,75.800,75.900,76.000,76.100,76.200,76.300,76.400,76.500,76.600,76.700,76.800,76.900,77.000,77.100,77.200,77.300,77.400,77.500,77.600,77.700,77.800,77.900,78.000,78.100,78.200,78.300,78.400,78.500,78.600,78.700,78.800,78.900,79.000,79.100,79.200,79.300,79.400,79.500,79.600,79.700,79.800,79.900
I1=0.000000,0.000000,0.000000,0.000000,0.000000,0.000000,0.000000,0.000000,0.000000,0.000000,0.000000,0.000000,0.000000,0.000000,0.000000,0.000000,0.000000,0.000000,0.000000,0.000000,0.000000,0.000000,0.000000,0.000000,0.000000,0.000000,0.000000,0.000000,0.000000,0.000000,0.000000,0.000000,0.000000,0.000000,0.000000,0.000000,0.000000,0.000000,0.000000,0.000000,0.000000,0.000000,0.000000,0.000000,0.000000,0.000000,0.000000,0.000000,0.000000,0.000000,0.000000,0.000000,0.000000,0.000000,0.000000,0.000000,0.000000,0.000000,0.000000,0.000000,0.000000,0.000000,0.000000,0.000000,0.000000,0.000000,0.000000,0.000000,0.000000,0.000000,0.000000,0.000000,0.000000,0.000000,0.000000,0.000000,0.000000,0.000000,0.000000,0.000000,0.000000,0.000000,0.000000,0.000000,0.000000,0.000000,0.000000,0.000000,0.000000,0.000000,0.000000,0.000000,0.000000,0.000000,0.000000,0.000000,0.000000,0.000000,0.000000,0.000000,0.000000,0.000000,0.000000,0.000000,0.000000,0.000000,0.000000,0.000000,0.000000,0.000000,0.000000,0.000000,0.000000,0.000000,0.000000,0.000000,0.000000,0.000000,0.000000,0.000000,0.000000,0.000000,0.000000,0.000000,0.000000,0.000000,0.000000,0.000000,0.000000,0.000000,0.000000,0.000000,0.000000,0.000000,0.000000,0.000000,0.000000,0.000000,0.000000,0.000000,0.000000,0.000000,0.000000,0.000000,0.000000,0.000000,0.000000,0.000000,0.000000,0.000000,0.000000,0.000000,0.000000,0.000000,0.000000,0.000000,0.000000,0.000000,0.000000,0.000000,0.000000,0.000000,0.000000,0.000000,0.000000,0.000000,0.000000,0.000000,0.000000,0.000000,0.000000,0.000000,0.000000,0.000000,0.000000,0.000000,0.000000,0.000000,0.000000,0.000000,0.000000,0.000000,0.000000,0.000000,0.000000,0.000000,0.000000,0.000000,0.000000,0.000000,0.000000,0.000000,0.000000,0.000000,0.000000,0.000000,0.000000,0.000000,0.000000,0.000000,0.000000,0.000000,0.000000,0.000000,0.000000,0.000000,0.000000,0.000000,0.000000,0.000000,0.000000,0.000000,0.000000,0.000000,0.000000,0.000000,0.000000,0.000000,0.000000,0.000000,0.000000,0.000000,0.000000,0.000000,0.000000,0.000000,0.000000,0.000000,0.000000,0.000000,0.000000,0.000000,0.000000,0.000000,0.000000,0.000000,0.000000,0.000000,0.000000,0.000000,0.000000,0.000000,0.000000,0.000000,0.000000,0.000000,0.000000,0.000000,0.000000,0.000000,0.000000,0.000000,0.000000,0.000000,0.000000,0.000000,0.000000,0.000000,0.000000,0.000000,0.000000,0.000000,0.000000,0.000000,0.000000,0.000000,0.000000,0.000000,0.000000,0.000000,0.000000,0.000000,0.000000,0.000000,0.000000,0.000000,0.000000,0.000000,0.000000,0.000000,0.000000,0.000000,0.000000,0.000000,0.000000,0.000000,0.000000,0.000000,0.000000,0.000000,0.000000,0.000000,0.000000,0.000000,0.000000,0.000000,0.000000,0.000000,0.000000,0.000000,0.000000,0.000000,0.000000,0.000000,0.000000,0.000000,0.000000,0.000000,0.000000,0.000000,0.000000,0.000000,0.000000,0.000000,0.000000,0.000000,0.000000,0.000000,0.000000,0.000000,0.000000,0.000000,0.000000,0.000000,0.000000,0.000000,0.000000,0.000000,0.000000,0.000000,0.000000,0.000000,0.000000,0.000000,0.000000,0.000000,0.000000,0.000000,0.000000,0.000000,0.000000,0.000000,0.000000,0.000000,0.000000,0.000000,0.000000,0.000000,0.000000,0.000000,0.000000,0.000000,0.000000,0.000000,0.000000,0.000000,0.000000,0.000000,0.000000,0.000000,0.000000,0.000000,0.000000,0.000000,0.000000,0.000000,0.000000,0.000000,0.000000,0.000000,0.000000,0.000000,0.000000,0.000000,0.000000,0.000000,0.000000,0.000000,0.000000,0.000000,0.000001,0.000004,0.000012,0.000037,0.000108,0.000298,0.000794,0.002034,0.005002,0.011820,0.026837,0.058545,0.122706,0.247096,0.478086,0.888720,1.587308,2.723807,4.490765,7.113776,10.826822,15.832026,22.243038,30.024822,38.940323,48.522453,58.092136,66.821678,73.849266,78.415939,80.000000,78.415825,73.849266,66.821678,58.091782,48.522453,38.939964,30.024822,22.243038,15.831809,10.826822,7.113657,4.490765,2.723807,1.587274,0.888720,0.478075,0.247096,0.122706,0.058544,0.026837,0.011820,0.005002,0.002034,0.000794,0.000298,0.000108,0.000037,0.000012,0.000004,0.000001,0.000000,0.000000,0.000000,0.000000,0.000000,0.000000,0.000000,0.000000,0.000000,0.000000,0.000000,0.000000,0.000000,0.000000,0.000000,0.000000,0.000000,0.000000,0.000000,0.000000,0.000000,0.000000,0.000000,0.000000,0.000000,0.000000,0.000000,0.000000,0.000000,0.000000,0.000000,0.000000,0.000001,0.000003,0.000011,0.000032,0.000095,0.000266,0.000719,0.001866,0.004652,0.011142,0.025636,0.056677,0.120384,0.245681,0.481718,0.907490,1.642592,2.856511,4.772955,7.661870,11.817918,17.513012,24.935009,34.111179,44.832523,56.615479,68.690636,80.073471,89.683304,96.506622,99.778030,99.115082,94.596107,86.742523,76.423439,64.690460,52.612316,41.111507,30.864412,22.263918,15.429470,10.274025,6.572930,4.040075,2.386064,1.353840,0.738073,0.386600,0.194552,0.094086,0.043738,0.019613,0.008663,0.004241,0.003398,0.005521,0.012010,0.026904,0.058569,0.122709,0.247105,0.478087,0.888720,1.587342,2.723753,4.490847,7.113776,10.826822,15.832243,22.242767,30.025146,38.940323,48.522453,58.092491,66.821373,73.849487,78.415939,80.000000,78.415703,73.849487,66.821373,58.091782,48.522453,38.939610,30.025146,22.242767,15.831809,10.826822,7.113539,4.490847,2.723753,1.587274,0.888720,0.478063,0.247102,0.122702,0.058544,0.026837,0.011819,0.005002,0.002033,0.000794,0.000298,0.000107,0.000037,0.000012,0.000004,0.000001,0.000000,0.000000,0.000000,0.000000,0.000000,0.000000,0.000000,0.000000,0.000000,0.000000,0.000000,0.000000,0.000000,0.000000,0.000000,0.000000,0.000000,0.000000,0.000000,0.000000,0.000000,0.000000,0.000000,0.000000,0.000000,0.000000,0.000000,0.000000,0.000000,0.000000,0.000000,0.000000,0.000000,0.000000,0.000000,0.000000,0.000000,0.000000,0.000000,0.000000,0.000000,0.000000,0.000000,0.000000,0.000000,0.000000,0.000000,0.000000,0.000000,0.000000,0.000000,0.000000,0.000000,0.000000,0.000000,0.000000,0.000000,0.000000,0.000000,0.000000,0.000000,0.000000,0.000000,0.000000,0.000000,0.000000,0.000000,0.000000,0.000000
I2=0.000000,0.000000,0.000000,0.000000,0.000000,0.000000,0.000000,0.000000,0.000000,0.000000,0.000000,0.000000,0.000000,0.000000,0.000000,0.000000,0.000000,0.000000,0.000000,0.000000,0.000000,0.000000,0.000000,0.000000,0.000000,0.000000,0.000000,0.000000,0.000000,0.000000,0.000000,0.000000,0.000000,0.000000,0.000000,0.000000,0.000000,0.000000,0.000000,0.000000,0.000000,0.000000,0.000000,0.000000,0.000000,0.000000,0.000000,0.000000,0.000000,0.000000,0.000000,0.000000,0.000000,0.000000,0.000000,0.000000,0.000000,0.000000,0.000000,0.000000,0.000000,0.000000,0.000000,0.000000,0.000000,0.000000,0.000000,0.000000,0.000000,0.000000,0.000000,0.000000,0.000000,0.000000,0.000000,0.000000,0.000000,0.000000,0.000000,0.000000,0.000000,0.000000,0.000000,0.000000,0.000000,0.000000,0.000000,0.000000,0.000000,0.000000,0.000000,0.000000,0.000000,0.000000,0.000000,0.000000,0.000000,0.000000,0.000000,0.000000,0.000000,0.000000,0.000000,0.000000,0.000000,0.000000,0.000000,0.000000,0.000000,0.000000,0.000000,0.000000,0.000000,0.000000,0.000000,0.000000,0.000000,0.000000,0.000000,0.000000,0.000000,0.000000,0.000000,0.000000,0.000000,0.000000,0.000000,0.000000,0.000000,0.000000,0.000000,0.000000,0.000000,0.000000,0.000000,0.000000,0.000000,0.000000,0.000000,0.000000,0.000000,0.000000,0.000000,0.000000,0.000000,0.000000,0.000000,0.000000,0.000000,0.000000,0.000000,0.000000,0.000000,0.000000,0.000000,0.000000,0.000000,0.000000,0.000000,0.000000,0.000000,0.000000,0.000000,0.000000,0.000000,0.000000,0.000000,0.000000,0.000000,0.000000,0.000000,0.000000,0.000000,0.000000,0.000000,0.000000,0.000000,0.000000,0.000000,0.000000,0.000000,0.000000,0.000000,0.000000,0.000000,0.000000,0.000000,0.000000,0.000000,0.000000,0.000000,0.000000,0.000000,0.000000,0.000000,0.000000,0.000000,0.000000,0.000000,0.000000,0.000000,0.000000,0.000000,0.000000,0.000000,0.000000,0.000000,0.000000,0.000000,0.000000,0.000000,0.000000,0.000000,0.000000,0.000000,0.000000,0.000000,0.000000,0.000000,0.000000,0.000000,0.000000,0.000000,0.000000,0.000000,0.000000,0.000000,0.000000,0.000000,0.000000,0.000000,0.000000,0.000000,0.000000,0.000000,0.000000,0.000000,0.000000,0.000000,0.000000,0.000000,0.000000,0.000000,0.000000,0.000000,0.000000,0.000000,0.000000,0.000000,0.000000,0.000000,0.000000,0.000000,0.000000,0.000000,0.000000,0.000000,0.000000,0.000000,0.000000,0.000000,0.000000,0.000000,0.000000,0.000000,0.000000,0.000000,0.000000,0.000000,0.000000,0.000000,0.000000,0.000000,0.000000,0.000000,0.000000,0.000000,0.000000,0.000000,0.000000,0.000000,0.000000,0.000000,0.000000,0.000000,0.000000,0.000000,0.000000,0.000000,0.000000,0.000000,0.000000,0.000000,0.000000,0.000000,0.000000,0.000000,0.000000,0.000000,0.000000,0.000000,0.000000,0.000000,0.000000,0.000000,0.000000,0.000000,0.000000,0.000000,0.000000,0.000000,0.000000,0.000000,0.000000,0.000000,0.000000,0.000000,0.000000,0.000000,0.000000,0.000000,0.000000,0.000000,0.000000,0.000000,0.000000,0.000000,0.000000,0.000000,0.000000,0.000000,0.000000,0.000000,0.000000,0.000000,0.000000,0.000000,0.000000,0.000000,0.000000,0.000000,0.000000,0.000000,0.000000,0.000000,0.000000,0.000000,0.000000,0.000000,0.000000,0.000000,0.000000,0.000000,0.000000,0.000000,0.000000,0.000000,0.000000,0.000000,0.000000,0.000000,0.000000,0.000000,0.000000,0.000000,0.000000,0.000000,0.000000,0.000000,0.000000,0.000000,0.000000,0.000000,0.000000,0.000000,0.000000,0.000000,0.000000,0.000000,0.000000,0.000001,0.000003,0.000009,0.000028,0.000081,0.000224,0.000596,0.001525,0.003751,0.008865,0.020128,0.043909,0.092029,0.185322,0.358565,0.666540,1.190481,2.042855,3.368073,5.335332,8.120117,11.874020,16.682278,22.518616,29.205242,36.391838,43.569103,50.116261,55.386948,58.811958,60.000000,58.811867,55.386948,50.116261,43.568836,36.391838,29.204973,22.518616,16.682278,11.873857,8.120117,5.335243,3.368073,2.042855,1.190455,0.666540,0.358556,0.185322,0.092029,0.043908,0.020130,0.008872,0.003773,0.001586,0.000757,0.000637,0.001097,0.002429,0.005461,0.011895,0.024925,0.050193,0.097111,0.180521,0.322422,0.553273,0.912203,1.444986,2.199198,3.215880,4.518117,6.098858,7.909753,9.856123,11.799965,13.573153,15.000677,15.928238,16.250000,15.928214,15.000632,13.573092,11.799899,9.856141,7.909730,6.098927,4.518412,3.216709,2.201287,1.449769,0.922813,0.575835,0.368480,0.270844,0.267270,0.358185,0.560555,0.906875,1.442276,2.218800,3.286106,4.679276,6.404292,8.425466,10.657931,12.969790,15.198115,17.176847,18.775648,19.940325,20.726461,21.316397,22.010757,23.192675,25.264221,28.566065,33.291634,39.411602,46.635983,54.410999,61.981483,68.494865,73.137512,75.280891,74.590157,71.085472,65.129379,57.354061,48.535484,39.467430,30.837288,23.149876,16.698586,11.572358,7.705616,4.929734,3.030069,1.789552,1.015381,0.553556,0.289950,0.145914,0.070565,0.032804,0.014710,0.006497,0.003181,0.002548,0.004141,0.009007,0.020178,0.043927,0.092032,0.185328,0.358565,0.666540,1.190506,2.042815,3.368135,5.335332,8.120117,11.874182,16.682076,22.518860,29.205242,36.391838,43.569366,50.116028,55.387115,58.811958,60.000000,58.811779,55.387115,50.116028,43.568836,36.391838,29.204708,22.518860,16.682076,11.873857,8.120117,5.335154,3.368135,2.042815,1.190455,0.666540,0.358547,0.185327,0.092027,0.043908,0.020128,0.008864,0.003751,0.001525,0.000596,0.000224,0.000081,0.000028,0.000009,0.000003,0.000001,0.000000,0.000000,0.000000,0.000000,0.000000,0.000000,0.000000,0.000000,0.000000,0.000000,0.000000,0.000000,0.000000,0.000000,0.000000,0.000000,0.000000,0.000000,0.000000,0.000000,0.000000,0.000000,0.000000,0.000000,0.000000,0.000000,0.000000,0.000000,0.000000,0.000000,0.000000,0.000000,0.000000,0.000000,0.000000,0.000000,0.000000,0.000000,0.000000,0.000000,0.000000,0.000000,0.000000,0.000000,0.000000,0.000000,0.000000,0.000000,0.000000,0.000000,0.000000,0.000000,0.000000,0.000000,0.000000,0.000000,0.000000,0.000000,0.000000,0.000000,0.000000,0.000000,0.000000,0.000000,0.000000,0.000000,0.000000,0.000000,0.000000
I3=0.000000,0.000000,0.000000,0.000000,0.000000,0.000000,0.000000,0.000000,0.000000,0.000000,0.000000,0.000000,0.000000,0.000000,0.000000,0.000000,0.000000,0.000000,0.000000,0.000000,0.000000,0.000000,0.000000,0.000000,0.000000,0.000000,0.000000,0.000000,0.000000,0.000000,0.000000,0.000000,0.000000,0.000000,0.000000,0.000000,0.000000,0.000000,0.000000,0.000000,0.000000,0.000000,0.000000,0.000000,0.000000,0.000000,0.000000,0.000000,0.000000,0.000000,0.000000,0.000000,0.000000,0.000000,0.000000,0.000000,0.000000,0.000000,0.000000,0.000000,0.000000,0.000000,0.000000,0.000000,0.000000,0.000000,0.000000,0.000000,0.000000,0.000000,0.000000,0.000000,0.000000,0.000000,0.000000,0.000000,0.000000,0.000000,0.000000,0.000000,0.000000,0.000000,0.000000,0.000000,0.000000,0.000000,0.000000,0.000000,0.000000,0.000000,0.000000,0.000000,0.000000,0.000000,0.000000,0.000000,0.000000,0.000000,0.000000,0.000000,0.000000,0.000000,0.000000,0.000000,0.000000,0.000000,0.000000,0.000000,0.000000,0.000000,0.000000,0.000000,0.000000,0.000000,0.000000,0.000000,0.000000,0.000000,0.000000,0.000000,0.000000,0.000000,0.000000,0.000000,0.000000,0.000000,0.000000,0.000000,0.000000,0.000000,0.000000,0.000000,0.000000,0.000000,0.000000,0.000000,0.000000,0.000000,0.000000,0.000000,0.000000,0.000000,0.000000,0.000000,0.000000,0.000000,0.000000,0.000000,0.000000,0.000000,0.000000,0.000000,0.000000,0.000000,0.000000,0.000000,0.000000,0.000000,0.000000,0.000000,0.000000,0.000000,0.000000,0.000000,0.000000,0.000000,0.000000,0.000000,0.000000,0.000000,0.000000,0.000000,0.000000,0.000000,0.000000,0.000000,0.000000,0.000000,0.000000,0.000000,0.000000,0.000000,0.000000,0.000000,0.000000,0.000000,0.000000,0.000000,0.000000,0.000000,0.000000,0.000000,0.000000,0.000000,0.000000,0.000000,0.000000,0.000000,0.000000,0.000000,0.000000,0.000000,0.000000,0.000000,0.000000,0.000000,0.000000,0.000000,0.000000,0.000000,0.000000,0.000000,0.000000,0.000000,0.000000,0.000000,0.000000,0.000000,0.000000,0.000000,0.000000,0.000000,0.000000,0.000000,0.000000,0.000000,0.000000,0.000000,0.000000,0.000000,0.000000,0.000000,0.000000,0.000000,0.000000,0.000000,0.000000,0.000000,0.000000,0.000000,0.000000,0.000000,0.000000,0.000000,0.000000,0.000000,0.000000,0.000000,0.000000,0.000000,0.000000,0.000000,0.000000,0.000000,0.000000,0.000000,0.000000,0.000000,0.000000,0.000000,0.000000,0.000000,0.000000,0.000000,0.000000,0.000000,0.000000,0.000000,0.000000,0.000000,0.000000,0.000000,0.000000,0.000000,0.000000,0.000000,0.000000,0.000000,0.000000,0.000000,0.000000,0.000000,0.000000,0.000000,0.000000,0.000000,0.000000,0.000000,0.000000,0.000000,0.000000,0.000000,0.000000,0.000000,0.000000,0.000000,0.000000,0.000000,0.000000,0.000000,0.000000,0.000000,0.000000,0.000000,0.000000,0.000000,0.000000,0.000000,0.000000,0.000000,0.000000,0.000000,0.000000,0.000000,0.000000,0.000000,0.000000,0.000000,0.000000,0.000000,0.000000,0.000000,0.000000,0.000000,0.000000,0.000000,0.000000,0.000000,0.000000,0.000000,0.000000,0.000000,0.000000,0.000000,0.000000,0.000000,0.000000,0.000000,0.000000,0.000000,0.000000,0.000000,0.000000,0.000000,0.000000,0.000000,0.000000,0.000000,0.000000,0.000000,0.000000,0.000000,0.000000,0.000000,0.000000,0.000000,0.000000,0.000000,0.000000,0.000000,0.000000,0.000000,0.000000,0.000000,0.000000,0.000000,0.000000,0.000000,0.000000,0.000000,0.000000,0.000000,0.000000,0.000000,0.000000,0.000000,0.000000,0.000000,0.000000,0.000000,0.000001,0.000002,0.000006,0.000019,0.000054,0.000149,0.000397,0.001017,0.002501,0.005910,0.013419,0.029273,0.061353,0.123548,0.239043,0.444360,0.793654,1.361904,2.245382,3.556888,5.413411,7.916013,11.121519,15.012411,19.470161,24.261227,29.046068,33.410839,36.924633,39.207970,40.000000,39.207912,36.924633,33.410839,29.045891,24.261227,19.469982,15.012411,11.121519,7.915905,5.413411,3.556829,2.245382,1.361904,0.793637,0.444360,0.239037,0.123548,0.061353,0.029273,0.013424,0.005925,0.002545,0.001138,0.000720,0.000975,0.002086,0.004821,0.010909,0.023786,0.049850,0.100386,0.194223,0.361042,0.644844,1.106547,1.824407,2.889971,4.398396,6.431761,9.036234,12.197716,15.819506,19.712246,23.599930,27.146307,30.001354,31.856476,32.500000,31.856428,30.001263,27.146181,23.599787,19.712246,15.819361,12.197584,9.036124,6.431673,4.398396,2.889923,1.824373,1.106525,0.644830,0.361043,0.194220,0.100388,0.049864,0.023831,0.011036,0.005161,0.002965,0.003152,0.005894,0.012939,0.028382,0.060207,0.122846,0.240861,0.453746,0.821296,1.428256,2.386477,3.830935,5.908959,8.756506,12.467505,17.055590,22.416262,28.307739,34.345318,40.036736,44.841652,48.253311,49.889015,49.557541,47.298054,43.371262,38.211720,32.345230,26.306158,20.555754,15.432206,11.131959,7.714735,5.137012,3.286465,2.020038,1.193033,0.676924,0.369048,0.193333,0.097369,0.047291,0.022505,0.011370,0.008025,0.010507,0.019994,0.041107,0.083224,0.162854,0.307022,0.557378,0.974759,1.642433,2.667415,4.177156,6.309317,9.196459,12.939747,17.582262,23.079620,29.275066,35.894444,42.548126,48.766209,54.046246,57.915668,60.002571,60.089645,58.153683,54.370888,49.093594,42.793343,35.996758,29.208668,22.853085,17.235628,12.524722,8.767077,5.909434,3.834481,2.394825,1.439092,0.831981,0.462655,0.247418,0.127245,0.062914,0.029907,0.013667,0.006003,0.002535,0.001028,0.000401,0.000150,0.000054,0.000019,0.000006,0.000002,0.000001,0.000000,0.000000,0.000000,0.000000,0.000000,0.000000,0.000000,0.000000,0.000000,0.000000,0.000000,0.000000,0.000000,0.000000,0.000000,0.000000,0.000000,0.000000,0.000000,0.000000,0.000000,0.000000,0.000000,0.000000,0.000000,0.000000,0.000000,0.000000,0.000000,0.000000,0.000000,0.000000,0.000000,0.000000,0.000000,0.000000,0.000000,0.000000,0.000000,0.000000,0.000000,0.000000,0.000000,0.000000,0.000000,0.000000,0.000000,0.000000,0.000000,0.000000,0.000000,0.000000,0.000000,0.000000,0.000000,0.000000,0.000000,0.000000,0.000000,0.000000,0.000000,0.000000,0.000000,0.000000,0.000000,0.000000,0.000000,0.000000,0.000000
I4=0.000000,0.000000,0.000000,0.000000,0.000000,0.000000,0.000000,0.000000,0.000000,0.000000,0.000000,0.000000,0.000000,0.000000,0.000000,0.000000,0.000000,0.000000,0.000000,0.000000,0.000000,0.000000,0.000000,0.000000,0.000000,0.000000,0.000000,0.000000,0.000000,0.000000,0.000000,0.000000,0.000000,0.000000,0.000000,0.000000,0.000000,0.000000,0.000000,0.000000,0.000000,0.000000,0.000000,0.000000,0.000000,0.000000,0.000000,0.000000,0.000000,0.000000,0.000000,0.000000,0.000000,0.000000,0.000000,0.000000,0.000000,0.000000,0.000000,0.000000,0.000000,0.000000,0.000000,0.000000,0.000000,0.000000,0.000000,0.000000,0.000000,0.000000,0.000000,0.000000,0.000000,0.000000,0.000000,0.000000,0.000000,0.000000,0.000000,0.000000,0.000000,0.000000,0.000000,0.000000,0.000000,0.000000,0.000000,0.000000,0.000000,0.000000,0.000000,0.000000,0.000000,0.000000,0.000000,0.000000,0.000000,0.000000,0.000000,0.000000,0.000000,0.000000,0.000000,0.000000,0.000000,0.000000,0.000000,0.000000,0.000000,0.000000,0.000000,0.000000,0.000000,0.000000,0.000000,0.000000,0.000000,0.000000,0.000000,0.000000,0.000000,0.000000,0.000000,0.000000,0.000000,0.000000,0.000000,0.000000,0.000000,0.000000,0.000000,0.000000,0.000000,0.000000,0.000000,0.000000,0.000000,0.000000,0.000000,0.000000,0.000000,0.000000,0.000000,0.000000,0.000000,0.000000,0.000000,0.000000,0.000000,0.000000,0.000000,0.000000,0.000000,0.000000,0.000000,0.000000,0.000000,0.000000,0.000000,0.000000,0.000000,0.000000,0.000000,0.000000,0.000000,0.000000,0.000000,0.000000,0.000000,0.000000,0.000000,0.000000,0.000000,0.000000,0.000000,0.000000,0.000000,0.000000,0.000000,0.000000,0.000000,0.000000,0.000000,0.000000,0.000000,0.000000,0.000000,0.000000,0.000000,0.000000,0.000000,0.000000,0.000000,0.000000,0.000000,0.000000,0.000000,0.000000,0.000000,0.000000,0.000000,0.000000,0.000000,0.000000,0.000000,0.000000,0.000000,0.000000,0.000000,0.000000,0.000000,0.000000,0.000000,0.000000,0.000000,0.000000,0.000000,0.000000,0.000000,0.000000,0.000000,0.000000,0.000000,0.000000,0.000000,0.000000,0.000000,0.000000,0.000000,0.000000,0.000000,0.000000,0.000000,0.000000,0.000000,0.000000,0.000000,0.000000,0.000000,0.000000,0.000000,0.000000,0.000000,0.000000,0.000000,0.000000,0.000000,0.000000,0.000000,0.000000,0.000000,0.000000,0.000000,0.000000,0.000000,0.000000,0.000000,0.000000,0.000000,0.000000,0.000000,0.000000,0.000000,0.000000,0.000000,0.000000,0.000000,0.000000,0.000000,0.000000,0.000000,0.000000,0.000000,0.000000,0.000000,0.000000,0.000000,0.000000,0.000000,0.000000,0.000000,0.000000,0.000000,0.000000,0.000000,0.000000,0.000000,0.000000,0.000000,0.000000,0.000000,0.000000,0.000000,0.000000,0.000000,0.000000,0.000000,0.000000,0.000000,0.000000,0.000000,0.000000,0.000000,0.000000,0.000000,0.000000,0.000000,0.000000,0.000000,0.000000,0.000000,0.000000,0.000000,0.000000,0.000000,0.000000,0.000000,0.000000,0.000000,0.000000,0.000000,0.000000,0.000000,0.000000,0.000000,0.000000,0.000000,0.000000,0.000000,0.000000,0.000000,0.000000,0.000000,0.000000,0.000000,0.000000,0.000000,0.000000,0.000000,0.000000,0.000000,0.000000,0.000000,0.000000,0.000000,0.000000,0.000000,0.000000,0.000000,0.000000,0.000000,0.000000,0.000000,0.000000,0.000000,0.000000,0.000000,0.000000,0.000000,0.000000,0.000000,0.000000,0.000000,0.000000,0.000000,0.000000,0.000000,0.000000,0.000000,0.000000,0.000000,0.000000,0.000000,0.000000,0.000000,0.000000,0.000000,0.000000,0.000000,0.000000,0.000000,0.000001,0.000003,0.000009,0.000027,0.000075,0.000199,0.000508,0.001250,0.002955,0.006709,0.014636,0.030676,0.061774,0.119522,0.222180,0.396827,0.680952,1.122691,1.778444,2.706706,3.958006,5.560760,7.506206,9.735081,12.130613,14.523034,16.705420,18.462317,19.603985,20.000000,19.603956,18.462317,16.705420,14.522945,12.130613,9.734991,7.506206,5.560760,3.957952,2.706706,1.778414,1.122691,0.680952,0.396818,0.222180,0.119519,0.061774,0.030677,0.014638,0.006717,0.002978,0.001316,0.000690,0.000683,0.001314,0.003075,0.007212,0.016357,0.035677,0.074774,0.150578,0.291334,0.541564,0.967266,1.659820,2.736610,4.334958,6.597595,9.647641,13.554351,18.296574,23.729259,29.568371,35.399895,40.719460,45.002029,47.784714,48.750000,47.784641,45.001896,40.719273,35.399685,29.568377,23.729057,18.296421,13.554303,9.647799,6.598291,4.336487,2.740102,1.667311,0.982600,0.571671,0.348047,0.253239,0.253315,0.334003,0.495295,0.746002,1.098078,1.560860,2.135194,2.808650,3.552702,4.323284,5.066045,5.725618,6.258550,6.646775,6.908821,7.105465,7.336919,7.730891,8.421407,9.522022,11.097212,13.137201,15.545328,18.137001,20.660494,22.831619,24.379169,25.093630,24.863386,23.695156,21.709791,19.118019,16.178493,13.155810,10.279096,7.716626,5.566195,3.857453,2.568539,1.643245,1.010024,0.596519,0.338466,0.184536,0.096700,0.048778,0.023894,0.011888,0.007248,0.007706,0.013641,0.028292,0.058900,0.118832,0.230829,0.431249,0.774712,1.338586,2.224607,3.556766,5.472073,8.102127,11.549338,15.852922,20.960451,26.704416,32.793732,38.834583,44.363533,48.911251,52.067947,53.546131,53.227924,51.181866,47.651539,43.015419,37.730663,32.263599,27.034552,22.366631,18.460543,15.389849,13.111870,11.499273,10.374129,9.546470,8.846815,8.148233,7.377683,6.514126,5.578133,4.616296,3.683609,2.830386,2.092341,1.487286,1.016315,0.667420,0.421206,0.255428,0.148828,0.083327,0.044822,0.023166,0.011504,0.005488,0.002516,0.001108,0.000469,0.000191,0.000074,0.000028,0.000010,0.000003,0.000001,0.000000,0.000000,0.000000,0.000000,0.000000,0.000000,0.000000,0.000000,0.000000,0.000000,0.000000,0.000000,0.000000,0.000000,0.000000,0.000000,0.000000,0.000000,0.000000,0.000000,0.000000,0.000000,0.000000,0.000000,0.000000,0.000000,0.000000,0.000000,0.000000,0.000000,0.000000,0.000000,0.000000,0.000000,0.000000,0.000000,0.000000,0.000000,0.000000,0.000000,0.000000,0.000000,0.000000,0.000000,0.000000,0.000000,0.000000,0.000000,0.000000,0.000000,0.000000,0.000000,0.000000,0.000000,0.000000,0.000000,0.000000,0.000000,0.000000
I5=0.000000,0.000000,0.000000,0.000000,0.000000,0.000000,0.000000,0.000000,0.000000,0.000000,0.000000,0.000000,0.000000,0.000000,0.000000,0.000000,0.000000,0.000000,0.000000,0.000000,0.000000,0.000000,0.000000,0.000000,0.000000,0.000000,0.000000,0.000000,0.000000,0.000000,0.000000,0.000000,0.000000,0.000000,0.000000,0.000000,0.000000,0.000000,0.000000,0.000000,0.000000,0.000000,0.000000,0.000000,0.000000,0.000000,0.000000,0.000000,0.000000,0.000000,0.000000,0.000000,0.000000,0.000000,0.000000,0.000000,0.000000,0.000000,0.000000,0.000000,0.000000,0.000000,0.000000,0.000000,0.000000,0.000000,0.000000,0.000000,0.000000,0.000000,0.000000,0.000000,0.000000,0.000000,0.000000,0.000000,0.000000,0.000000,0.000000,0.000000,0.000000,0.000000,0.000000,0.000000,0.000000,0.000000,0.000000,0.000000,0.000000,0.000000,0.000000,0.000000,0.000000,0.000000,0.000000,0.000000,0.000000,0.000000,0.000000,0.000000,0.000000,0.000000,0.000000,0.000000,0.000000,0.000000,0.000000,0.000000,0.000000,0.000000,0.000000,0.000000,0.000000,0.000000,0.000000,0.000000,0.000000,0.000000,0.000000,0.000000,0.000000,0.000000,0.000000,0.000000,0.000000,0.000000,0.000000,0.000000,0.000000,0.000000,0.000000,0.000000,0.000000,0.000000,0.000000,0.000000,0.000000,0.000000,0.000000,0.000000,0.000000,0.000000,0.000000,0.000000,0.000000,0.000000,0.000000,0.000000,0.000000,0.000000,0.000000,0.000000,0.000000,0.000000,0.000000,0.000000,0.000000,0.000000,0.000000,0.000000,0.000000,0.000000,0.000000,0.000000,0.000000,0.000000,0.000000,0.000000,0.000000,0.000000,0.000000,0.000000,0.000000,0.000000,0.000000,0.000000,0.000000,0.000000,0.000000,0.000000,0.000000,0.000000,0.000000,0.000000,0.000000,0.000000,0.000000,0.000000,0.000000,0.000000,0.000000,0.000000,0.000000,0.000000,0.000000,0.000000,0.000000,0.000000,0.000000,0.000000,0.000000,0.000000,0.000000,0.000000,0.000000,0.000000,0.000000,0.000000,0.000000,0.000000,0.000000,0.000000,0.000000,0.000000,0.000000,0.000000,0.000000,0.000000,0.000000,0.000000,0.000000,0.000000,0.000000,0.000000,0.000000,0.000000,0.000000,0.000000,0.000000,0.000000,0.000000,0.000000,0.000000,0.000000,0.000000,0.000000,0.000000,0.000000,0.000000,0.000000,0.000000,0.000000,0.000000,0.000000,0.000000,0.000000,0.000000,0.000000,0.000000,0.000000,0.000000,0.000000,0.000000,0.000000,0.000000,0.000000,0.000000,0.000000,0.000000,0.000000,0.000000,0.000000,0.000000,0.000000,0.000000,0.000000,0.000000,0.000000,0.000000,0.000000,0.000000,0.000000,0.000000,0.000000,0.000000,0.000000,0.000000,0.000000,0.000000,0.000000,0.000000,0.000000,0.000000,0.000000,0.000000,0.000000,0.000000,0.000000,0.000000,0.000000,0.000000,0.000000,0.000000,0.000000,0.000000,0.000000,0.000000,0.000000,0.000000,0.000000,0.000000,0.000000,0.000000,0.000000,0.000000,0.000000,0.000000,0.000000,0.000000,0.000000,0.000000,0.000000,0.000000,0.000000,0.000000,0.000000,0.000000,0.000000,0.000000,0.000000,0.000000,0.000000,0.000000,0.000000,0.000000,0.000000,0.000000,0.000000,0.000000,0.000000,0.000000,0.000000,0.000000,0.000000,0.000000,0.000000,0.000000,0.000000,0.000000,0.000000,0.000000,0.000000,0.000000,0.000000,0.000000,0.000000,0.000000,0.000000,0.000000,0.000000,0.000000,0.000000,0.000000,0.000000,0.000000,0.000000,0.000000,0.000000,0.000000,0.000000,0.000000,0.000000,0.000000,0.000000,0.000000,0.000000,0.000000,0.000000,0.000000,0.000000,0.000000,0.000000,0.000000,0.000000,0.000000,0.000000,0.000000,0.000000,0.000000,0.000000,0.000000,0.000000,0.000000,0.000000,0.000000,0.000000,0.000000,0.000000,0.000000,0.000000,0.000000,0.000000,0.000000,0.000000,0.000000,0.000000,0.000000,0.000000,0.000000,0.000000,0.000000,0.000000,0.000000,0.000000,0.000000,0.000000,0.000000,0.000000,0.000000,0.000000,0.000000,0.000000,0.000000,0.000000,0.000000,0.000000,0.000000,0.000000,0.000000,0.000000,0.000000,0.000000,0.000000,0.000000,0.000000,0.000000,0.000000,0.000000,0.000001,0.000003,0.000010,0.000030,0.000087,0.000242,0.000645,0.001652,0.004064,0.009604,0.021805,0.047568,0.099698,0.200771,0.388445,0.722085,1.289688,2.213093,3.648813,5.779943,8.796793,12.863522,18.072468,24.395432,31.639011,39.424492,47.199860,54.292614,60.002708,63.712952,65.000000,63.712856,60.002525,54.292362,47.199574,39.424492,31.638721,24.395168,18.072248,12.863345,8.796793,5.779847,3.648746,2.213049,1.289660,0.722085,0.388436,0.200766,0.099696,0.047567,0.021805,0.009603,0.004064,0.001652,0.000645,0.000242,0.000087,0.000030,0.000010,0.000003,0.000001,0.000000,0.000000,0.000000,0.000000,0.000000,0.000000,0.000000,0.000000,0.000000,0.000000,0.000000,0.000000,0.000000,0.000000,0.000000,0.000000,0.000000,0.000000,0.000000,0.000000,0.000000,0.000000,0.000000,0.000000,0.000000,0.000000,0.000000,0.000001,0.000002,0.000008,0.000023,0.000067,0.000186,0.000496,0.001271,0.003126,0.007388,0.016774,0.036590,0.076693,0.154439,0.298804,0.555475,0.992046,1.702413,2.806779,4.446110,6.766971,9.894880,13.902070,18.765717,24.337702,30.326996,36.307365,41.763741,46.155930,49.009964,50.000000,49.009964,46.155651,41.763355,36.307365,30.326071,24.337702,18.765314,13.901730,9.894880,6.766558,4.446110,2.806676,1.702346,0.992046,0.555424,0.298804,0.154431,0.076689,0.036590,0.016772,0.007388,0.003126,0.001271,0.000496,0.000186,0.000067,0.000023,0.000008,0.000002,0.000001,0.000000,0.000000,0.000000,0.000000,0.000000,0.000000,0.000000,0.000000,0.000000,0.000000,0.000000,0.000000,0.000000,0.000000,0.000000,0.000000,0.000000,0.000000,0.000000,0.000000,0.000000,0.000000,0.000000,0.000000,0.000000,0.000000,0.000000,0.000000,0.000000,0.000000,0.000000,0.000000,0.000000,0.000000,0.000000,0.000000,0.000000,0.000000,0.000000,0.000000,0.000000,0.000000,0.000000,0.000000,0.000000,0.000000,0.000000,0.000000,0.000000,0.000000,0.000000,0.000000,0.000000,0.000000,0.000000,0.000000,0.000000,0.000000,0.000000,0.000000,0.000000,0.000000,0.000000,0.000000,0.000000,0.000000,0.000000,0.000000,0.000000,0.000000,0.000000,0.000000,0.000000
I6=0.000000,0.000000,0.000000,0.000000,0.000000,0.000000,0.000000,0.000000,0.000000,0.000000,0.000000,0.000000,0.000000,0.000000,0.000000,0.000000,0.000000,0.000000,0.000000,0.000000,0.000000,0.000001,0.000004,0.000012,0.000034,0.000093,0.000248,0.000635,0.001563,0.003694,0.008387,0.018295,0.038345,0.077218,0.149400,0.277725,0.496028,0.851190,1.403364,2.223037,3.383382,4.947474,6.950949,9.382757,12.168795,15.163267,18.153738,20.881775,23.077894,24.504963,25.000000,24.504963,23.077894,20.881775,18.153738,15.163267,12.168795,9.382757,6.950949,4.947474,3.383382,2.223037,1.403364,0.851190,0.496028,0.277725,0.149400,0.077218,0.038345,0.018295,0.008387,0.003694,0.001563,0.000635,0.000248,0.000093,0.000034,0.000012,0.000004,0.000001,0.000000,0.000000,0.000000,0.000000,0.000000,0.000000,0.000000,0.000000,0.000000,0.000000,0.000000,0.000000,0.000000,0.000000,0.000000,0.000000,0.000000,0.000000,0.000000,0.000000,0.000000,0.000000,0.000000,0.000000,0.000000,0.000000,0.000000,0.000000,0.000000,0.000000,0.000000,0.000000,0.000000,0.000000,0.000000,0.000000,0.000000,0.000000,0.000000,0.000000,0.000000,0.000000,0.000000,0.000000,0.000000,0.000000,0.000000,0.000000,0.000000,0.000000,0.000000,0.000000,0.000000,0.000000,0.000000,0.000000,0.000000,0.000000,0.000000,0.000000,0.000000,0.000000,0.000000,0.000000,0.000000,0.000000,0.000000,0.000000,0.000000,0.000000,0.000000,0.000000,0.000000,0.000000,0.000000,0.000000,0.000000,0.000000,0.000000,0.000000,0.000000,0.000000,0.000000,0.000000,0.000000,0.000000,0.000000,0.000000,0.000000,0.000000,0.000000,0.000000,0.000000,0.000000,0.000000,0.000000,0.000000,0.000000,0.000000,0.000000,0.000000,0.000000,0.000000,0.000000,0.000000,0.000000,0.000000,0.000000,0.000000,0.000000,0.000000,0.000000,0.000000,0.000000,0.000000,0.000000,0.000000,0.000000,0.000000,0.000000,0.000000,0.000000,0.000000,0.000000,0.000000,0.000000,0.000000,0.000000,0.000000,0.000000,0.000000,0.000000,0.000000,0.000000,0.000000,0.000000,0.000000,0.000000,0.000000,0.000000,0.000000,0.000000,0.000000,0.000000,0.000000,0.000000,0.000000,0.000000,0.000000,0.000000,0.000000,0.000000,0.000000,0.000000,0.000000,0.000000,0.000000,0.000000,0.000000,0.000000,0.000000,0.000000,0.000000,0.000000,0.000000,0.000000,0.000000,0.000000,0.000000,0.000000,0.000000,0.000000,0.000000,0.000000,0.000000,0.000000,0.000000,0.000000,0.000000,0.000000,0.000000,0.000000,0.000000,0.000000,0.000000,0.000000,0.000000,0.000000,0.000000,0.000000,0.000000,0.000000,0.000000,0.000000,0.000000,0.000000,0.000000,0.000000,0.000000,0.000000,0.000000,0.000000,0.000000,0.000000,0.000000,0.000000,0.000000,0.000000,0.000000,0.000000,0.000000,0.000000,0.000000,0.000000,0.000000,0.000000,0.000000,0.000000,0.000000,0.000000,0.000000,0.000000,0.000000,0.000000,0.000000,0.000000,0.000000,0.000000,0.000000,0.000000,0.000000,0.000000,0.000000,0.000000,0.000000,0.000000,0.000000,0.000000,0.000000,0.000000,0.000000,0.000000,0.000000,0.000000,0.000000,0.000000,0.000000,0.000000,0.000000,0.000000,0.000000,0.000000,0.000000,0.000000,0.000000,0.000000,0.000000,0.000000,0.000000,0.000000,0.000000,0.000000,0.000000,0.000000,0.000000,0.000000,0.000000,0.000000,0.000000,0.000000,0.000000,0.000000,0.000000,0.000000,0.000000,0.000000,0.000000,0.000000,0.000000,0.000000,0.000000,0.000000,0.000000,0.000000,0.000000,0.000000,0.000000,0.000000,0.000000,0.000000,0.000000,0.000000,0.000000,0.000000,0.000000,0.000000,0.000000,0.000000,0.000000,0.000000,0.000001,0.000003,0.000009,0.000028,0.000081,0.000224,0.000596,0.001525,0.003751,0.008865,0.020128,0.043909,0.092029,0.185322,0.358565,0.666540,1.190481,2.042855,3.368073,5.335332,8.120117,11.874020,16.682278,22.518616,29.205242,36.391838,43.569103,50.116261,55.386948,58.811958,60.000000,58.811867,55.386948,50.116261,43.568836,36.391838,29.204973,22.518616,16.682278,11.873857,8.120117,5.335243,3.368073,2.042855,1.190455,0.666540,0.358556,0.185322,0.092029,0.043908,0.020128,0.008865,0.003751,0.001525,0.000596,0.000224,0.000081,0.000028,0.000009,0.000003,0.000001,0.000000,0.000000,0.000000,0.000000,0.000000,0.000000,0.000000,0.000000,0.000000,0.000000,0.000000,0.000000,0.000000,0.000000,0.000000,0.000000,0.000000,0.000000,0.000000,0.000001,0.000002,0.000006,0.000018,0.000050,0.000135,0.000350,0.000872,0.002089,0.004807,0.010627,0.022573,0.046065,0.090323,0.170161,0.307994,0.535631,0.894983,1.436825,2.216399,3.285090,4.678863,6.404130,8.425406,10.657909,12.969782,15.198112,17.176847,18.775648,19.940325,20.726461,21.316397,22.010757,23.192675,25.264221,28.566065,33.291634,39.411602,46.635983,54.410999,61.981483,68.494865,73.137512,75.280891,74.590157,71.085472,65.129379,57.354061,48.535484,39.467430,30.837288,23.149876,16.698586,11.572358,7.705616,4.929734,3.030069,1.789552,1.015381,0.553556,0.289950,0.145914,0.070565,0.032804,0.014710,0.006497,0.003181,0.002548,0.004141,0.009007,0.020178,0.043927,0.092032,0.185328,0.358565,0.666540,1.190506,2.042815,3.368135,5.335332,8.120117,11.874182,16.682076,22.518860,29.205242,36.391838,43.569366,50.116028,55.387115,58.811958,60.000000,58.811779,55.387115,50.116028,43.568836,36.391838,29.204708,22.518860,16.682076,11.873857,8.120117,5.335154,3.368135,2.042815,1.190455,0.666540,0.358547,0.185327,0.092027,0.043908,0.020128,0.008864,0.003751,0.001525,0.000596,0.000224,0.000081,0.000028,0.000009,0.000003,0.000001,0.000000,0.000000,0.000000,0.000000,0.000000,0.000000,0.000000,0.000000,0.000000,0.000000,0.000000,0.000000,0.000000,0.000000,0.000000,0.000000,0.000000,0.000000,0.000000,0.000000,0.000000,0.000000,0.000000,0.000000,0.000000,0.000000,0.000000,0.000000,0.000000,0.000000,0.000000,0.000000,0.000000,0.000000,0.000000,0.000000,0.000000,0.000000,0.000000,0.000000,0.000000,0.000000,0.000000,0.000000,0.000000,0.000000,0.000000,0.000000,0.000000,0.000000,0.000000,0.000000,0.000000,0.000000,0.000000,0.000000,0.000000,0.000000,0.000000,0.000000,0.000000,0.000000,0.000000,0.000000,0.000000,0.000000,0.000000,0.000000,0.000000
I7=0.000000,0.000000,0.000000,0.000000,0.000000,0.000000,0.000000,0.000000,0.000000,0.000000,0.000000,0.000000,0.000000,0.000000,0.000000,0.000000,0.000000,0.000000,0.000000,0.000000,0.000000,0.000001,0.000002,0.000006,0.000017,0.000047,0.000124,0.000318,0.000782,0.001847,0.004193,0.009148,0.019173,0.038609,0.074700,0.138862,0.248014,0.425595,0.701682,1.111518,1.691691,2.473737,3.475475,4.691379,6.084397,7.581634,9.076869,10.440887,11.538947,12.252481,12.500000,12.252481,11.538947,10.440887,9.076869,7.581634,6.084397,4.691379,3.475475,2.473737,1.691691,1.111518,0.701682,0.425595,0.248014,0.138862,0.074700,0.038609,0.019173,0.009148,0.004193,0.001847,0.000782,0.000318,0.000124,0.000047,0.000017,0.000006,0.000002,0.000001,0.000000,0.000000,0.000000,0.000000,0.000000,0.000000,0.000000,0.000000,0.000000,0.000001,0.000004,0.000012,0.000032,0.000085,0.000215,0.000523,0.001219,0.002731,0.005879,0.012160,0.024162,0.046130,0.084616,0.149124,0.252512,0.410805,0.642127,0.964349,1.391467,1.929059,2.569456,3.288270,4.043168,4.776425,5.421440,5.912249,6.194693,6.236125,6.031682,5.605176,5.004604,4.293165,3.538453,2.802073,2.131913,1.558448,1.094563,0.738614,0.478879,0.298301,0.178534,0.102662,0.056719,0.030108,0.015355,0.007524,0.003542,0.001602,0.000696,0.000291,0.000117,0.000045,0.000017,0.000006,0.000002,0.000001,0.000000,0.000000,0.000000,0.000000,0.000000,0.000000,0.000000,0.000000,0.000000,0.000000,0.000000,0.000000,0.000000,0.000000,0.000000,0.000000,0.000000,0.000000,0.000000,0.000000,0.000000,0.000000,0.000000,0.000000,0.000000,0.000000,0.000000,0.000000,0.000000,0.000000,0.000000,0.000000,0.000000,0.000000,0.000000,0.000000,0.000000,0.000000,0.000000,0.000000,0.000000,0.000000,0.000000,0.000000,0.000000,0.000000,0.000000,0.000000,0.000000,0.000000,0.000000,0.000000,0.000000,0.000000,0.000000,0.000000,0.000000,0.000000,0.000000,0.000000,0.000000,0.000000,0.000000,0.000000,0.000000,0.000000,0.000000,0.000000,0.000000,0.000000,0.000000,0.000000,0.000000,0.000000,0.000000,0.000000,0.000000,0.000000,0.000000,0.000000,0.000000,0.000000,0.000000,0.000000,0.000000,0.000000,0.000000,0.000000,0.000000,0.000000,0.000000,0.000000,0.000000,0.000000,0.000000,0.000000,0.000000,0.000000,0.000000,0.000000,0.000000,0.000000,0.000000,0.000000,0.000000,0.000000,0.000000,0.000000,0.000000,0.000000,0.000000,0.000000,0.000000,0.000000,0.000000,0.000000,0.000000,0.000000,0.000000,0.000000,0.000000,0.000000,0.000000,0.000000,0.000000,0.000000,0.000000,0.000000,0.000000,0.000000,0.000000,0.000000,0.000000,0.000000,0.000000,0.000000,0.000000,0.000000,0.000000,0.000000,0.000000,0.000000,0.000000,0.000000,0.000000,0.000000,0.000000,0.000000,0.000000,0.000000,0.000000,0.000000,0.000000,0.000000,0.000000,0.000000,0.000000,0.000000,0.000000,0.000000,0.000000,0.000000,0.000000,0.000000,0.000000,0.000000,0.000000,0.000000,0.000000,0.000000,0.000000,0.000000,0.000000,0.000000,0.000000,0.000000,0.000000,0.000000,0.000000,0.000000,0.000000,0.000000,0.000000,0.000000,0.000000,0.000000,0.000000,0.000000,0.000000,0.000000,0.000000,0.000000,0.000000,0.000000,0.000000,0.000000,0.000000,0.000000,0.000000,0.000000,0.000000,0.000000,0.000000,0.000000,0.000000,0.000000,0.000000,0.000000,0.000000,0.000000,0.000000,0.000000,0.000000,0.000000,0.000000,0.000000,0.000000,0.000000,0.000000,0.000000,0.000000,0.000000,0.000000,0.000000,0.000000,0.000000,0.000000,0.000000,0.000000,0.000000,0.000000,0.000000,0.000000,0.000000,0.000000,0.000001,0.000005,0.000014,0.000040,0.000112,0.000298,0.000763,0.001876,0.004433,0.010064,0.021954,0.046015,0.092661,0.179282,0.333270,0.595240,1.021428,1.684037,2.667666,4.060059,5.937010,8.341139,11.259308,14.602621,18.195919,21.784552,25.058130,27.693474,29.405979,30.000000,29.405933,27.693474,25.058130,21.784418,18.195919,14.602487,11.259308,8.341139,5.936928,4.060059,2.667622,1.684037,1.021428,0.595228,0.333270,0.179278,0.092661,0.046015,0.021954,0.010064,0.004432,0.001876,0.000763,0.000298,0.000112,0.000040,0.000014,0.000005,0.000001,0.000000,0.000000,0.000000,0.000000,0.000000,0.000000,0.000000,0.000000,0.000000,0.000000,0.000000,0.000000,0.000000,0.000000,0.000000,0.000000,0.000000,0.000000,0.000000,0.000000,0.000000,0.000000,0.000000,0.000000,0.000000,0.000000,0.000000,0.000000,0.000000,0.000000,0.000000,0.000000,0.000000,0.000000,0.000001,0.000004,0.000012,0.000036,0.000100,0.000270,0.000700,0.001745,0.004178,0.009614,0.021254,0.045144,0.092130,0.180644,0.340309,0.615972,1.071192,1.789858,2.873201,4.431719,6.567380,9.350628,12.791692,16.812195,21.230804,25.758987,30.027552,33.631241,36.189983,37.416763,37.168156,35.473541,32.528446,28.658791,24.258923,19.729618,15.416816,11.574154,8.348969,5.786051,3.852759,2.464849,1.515028,0.894774,0.507690,0.276778,0.144975,0.072957,0.035282,0.016402,0.007355,0.003249,0.001590,0.001274,0.002070,0.004504,0.010089,0.021964,0.046016,0.092664,0.179283,0.333270,0.595253,1.021407,1.684068,2.667666,4.060059,5.937091,8.341038,11.259430,14.602621,18.195919,21.784683,25.058014,27.693558,29.405979,30.000000,29.405890,27.693558,25.058014,21.784418,18.195919,14.602354,11.259430,8.341038,5.936928,4.060059,2.667577,1.684068,1.021407,0.595228,0.333270,0.179274,0.092663,0.046013,0.021954,0.010064,0.004432,0.001876,0.000763,0.000298,0.000112,0.000040,0.000014,0.000005,0.000001,0.000000,0.000000,0.000000,0.000000,0.000000,0.000000,0.000000,0.000000,0.000000,0.000000,0.000000,0.000000,0.000000,0.000000,0.000000,0.000000,0.000000,0.000000,0.000000,0.000000,0.000000,0.000000,0.000000,0.000000,0.000000,0.000000,0.000000,0.000000,0.000000,0.000000,0.000000,0.000000,0.000000,0.000000,0.000000,0.000000,0.000000,0.000000,0.000000,0.000000,0.000000,0.000000,0.000000,0.000000,0.000000,0.000000,0.000000,0.000000,0.000000,0.000000,0.000000,0.000000,0.000000,0.000000,0.000000,0.000000,0.000000,0.000000,0.000000,0.000000,0.000000,0.000000,0.000000,0.000000,0.000000,0.000000,0.000000,0.000000,0.000000,0.000000
I8=0.000000,0.000000,0.000000,0.000000,0.000000,0.000000,0.000000,0.000000,0.000000,0.000000,0.000000,0.000000,0.000000,0.000000,0.000000,0.000000,0.000000,0.000000,0.000000,0.000000,0.000000,0.000000,0.000000,0.000000,0.000000,0.000000,0.000000,0.000000,0.000000,0.000000,0.000000,0.000000,0.000000,0.000000,0.000000,0.000000,0.000000,0.000000,0.000000,0.000000,0.000000,0.000000,0.000000,0.000000,0.000000,0.000000,0.000000,0.000000,0.000000,0.000000,0.000000,0.000000,0.000000,0.000000,0.000000,0.000000,0.000000,0.000000,0.000000,0.000000,0.000000,0.000000,0.000000,0.000000,0.000000,0.000000,0.000000,0.000000,0.000000,0.000000,0.000000,0.000000,0.000000,0.000000,0.000000,0.000000,0.000000,0.000000,0.000000,0.000000,0.000000,0.000000,0.000000,0.000000,0.000000,0.000000,0.000000,0.000000,0.000000,0.000000,0.000000,0.000000,0.000000,0.000000,0.000000,0.000000,0.000000,0.000000,0.000000,0.000000,0.000000,0.000000,0.000000,0.000000,0.000000,0.000000,0.000000,0.000000,0.000000,0.000000,0.000000,0.000000,0.000000,0.000000,0.000000,0.000000,0.000000,0.000000,0.000000,0.000000,0.000000,0.000000,0.000000,0.000000,0.000000,0.000000,0.000000,0.000000,0.000000,0.000000,0.000000,0.000000,0.000000,0.000000,0.000000,0.000000,0.000000,0.000000,0.000000,0.000000,0.000000,0.000000,0.000000,0.000000,0.000000,0.000000,0.000000,0.000000,0.000000,0.000000,0.000000,0.000000,0.000000,0.000000,0.000000,0.000000,0.000000,0.000000,0.000000,0.000000,0.000000,0.000000,0.000000,0.000000,0.000000,0.000000,0.000000,0.000000,0.000000,0.000000,0.000000,0.000000,0.000000,0.000000,0.000000,0.000000,0.000000,0.000001,0.000002,0.000006,0.000019,0.000054,0.000149,0.000397,0.001017,0.002501,0.005910,0.013419,0.029273,0.061353,0.123548,0.239037,0.444360,0.793654,1.361904,2.245382,3.556829,5.413411,7.916013,11.121519,15.012411,19.469982,24.261227,29.046068,33.410839,36.924633,39.207912,40.000000,39.207912,36.924633,33.410839,29.046068,24.261227,19.469982,15.012411,11.121519,7.916013,5.413411,3.556829,2.245382,1.361904,0.793654,0.444360,0.239037,0.123548,0.061353,0.029273,0.013419,0.005910,0.002501,0.001017,0.000397,0.000149,0.000054,0.000019,0.000006,0.000002,0.000001,0.000000,0.000000,0.000000,0.000000,0.000000,0.000000,0.000000,0.000000,0.000000,0.000000,0.000000,0.000000,0.000000,0.000000,0.000000,0.000000,0.000000,0.000000,0.000000,0.000000,0.000000,0.000000,0.000000,0.000000,0.000000,0.000000,0.000000,0.000000,0.000000,0.000000,0.000000,0.000000,0.000000,0.000000,0.000000,0.000000,0.000000,0.000000,0.000000,0.000000,0.000000,0.000000,0.000000,0.000000,0.000000,0.000000,0.000000,0.000000,0.000000,0.000000,0.000000,0.000000,0.000000,0.000000,0.000000,0.000000,0.000000,0.000000,0.000000,0.000000,0.000000,0.000000,0.000000,0.000000,0.000000,0.000000,0.000000,0.000000,0.000000,0.000000,0.000000,0.000000,0.000000,0.000000,0.000000,0.000000,0.000000,0.000000,0.000000,0.000000,0.000000,0.000000,0.000000,0.000000,0.000000,0.000000,0.000000,0.000000,0.000000,0.000000,0.000000,0.000000,0.000000,0.000000,0.000000,0.000000,0.000000,0.000000,0.000000,0.000000,0.000000,0.000000,0.000000,0.000000,0.000000,0.000000,0.000000,0.000000,0.000000,0.000000,0.000000,0.000000,0.000000,0.000000,0.000000,0.000000,0.000000,0.000000,0.000000,0.000000,0.000000,0.000000,0.000000,0.000000,0.000000,0.000000,0.000000,0.000000,0.000000,0.000000,0.000000,0.000000,0.000000,0.000000,0.000000,0.000000,0.000000,0.000000,0.000000,0.000000,0.000000,0.000000,0.000000,0.000000,0.000000,0.000000,0.000000,0.000000,0.000000,0.000000,0.000000,0.000000,0.000000,0.000000,0.000000,0.000000,0.000000,0.000000,0.000000,0.000000,0.000000,0.000000,0.000000,0.000000,0.000000,0.000000,0.000000,0.000000,0.000000,0.000000,0.000000,0.000000,0.000000,0.000000,0.000000,0.000000,0.000000,0.000000,0.000000,0.000000,0.000000,0.000000,0.000000,0.000000,0.000000,0.000000,0.000000,0.000000,0.000000,0.000000,0.000000,0.000000,0.000000,0.000000,0.000000,0.000000,0.000000,0.000000,0.000000,0.000000,0.000000,0.000000,0.000000,0.000000,0.000000,0.000000,0.000000,0.000000,0.000000,0.000000,0.000000,0.000000,0.000000,0.000000,0.000000,0.000000,0.000000,0.000000,0.000000,0.000000,0.000000,0.000000,0.000000,0.000000,0.000000,0.000000,0.000000,0.000000,0.000000,0.000000,0.000000,0.000000,0.000000,0.000000,0.000000,0.000000,0.000000,0.000000,0.000000,0.000000,0.000000,0.000000,0.000000,0.000000,0.000000,0.000000,0.000000,0.000000,0.000000,0.000000,0.000000,0.000000,0.000000,0.000000,0.000000,0.000000,0.000000,0.000000,0.000000,0.000000,0.000000,0.000000,0.000000,0.000000,0.000000,0.000000,0.000000,0.000000,0.000000,0.000000,0.000000,0.000000,0.000000,0.000000,0.000000,0.000000,0.000000,0.000000,0.000000,0.000000,0.000000,0.000000,0.000000,0.000000,0.000000,0.000000,0.000000,0.000000,0.000000,0.000000,0.000000,0.000000,0.000000,0.000000,0.000000,0.000000,0.000000,0.000000,0.000000,0.000000,0.000000,0.000000,0.000000,0.000000,0.000000,0.000000,0.000000,0.000000,0.000000,0.000000,0.000000,0.000000,0.000000,0.000000,0.000000,0.000000,0.000000,0.000000,0.000000,0.000000,0.000000,0.000000,0.000000,0.000000,0.000000,0.000000,0.000000,0.000000,0.000000,0.000000,0.000000,0.000000,0.000000,0.000000,0.000000,0.000000,0.000000,0.000000,0.000000,0.000000,0.000000,0.000000,0.000000,0.000000,0.000000,0.000000,0.000000,0.000000,0.000000,0.000000,0.000000,0.000000,0.000000,0.000000,0.000000,0.000000,0.000000,0.000000,0.000000,0.000000,0.000000,0.000000,0.000000,0.000000,0.000000,0.000000,0.000000,0.000000,0.000000,0.000000,0.000000,0.000000,0.000000,0.000000,0.000000,0.000000,0.000000,0.000000,0.000000,0.000000,0.000000,0.000000,0.000000,0.000000,0.000000,0.000000,0.000000,0.000000,0.000000,0.000000,0.000000,0.000000,0.000000,0.000000,0.000000,0.000000,0.000000,0.000000,0.000000,0.000000,0.000000,0.000000,0.000000,0.000000,0.000000,0.000000,0.000000,0.000000,0.000000,0.000000,0.000000,0.000000
I9=0.000000,0.000000,0.000000,0.000000,0.000000,0.000000,0.000000,0.000000,0.000000,0.000000,0.000000,0.000000,0.000000,0.000000,0.000000,0.000000,0.000000,0.000000,0.000000,0.000000,0.000000,0.000001,0.000004,0.000012,0.000034,0.000093,0.000248,0.000635,0.001563,0.003694,0.008387,0.018295,0.038345,0.077218,0.149400,0.277725,0.496028,0.851190,1.403364,2.223037,3.383382,4.947474,6.950949,9.382757,12.168795,15.163267,18.153738,20.881775,23.077894,24.504963,25.000000,24.504963,23.077894,20.881775,18.153738,15.163267,12.168795,9.382757,6.950949,4.947474,3.383382,2.223037,1.403364,0.851190,0.496028,0.277725,0.149400,0.077218,0.038345,0.018295,0.008387,0.003694,0.001563,0.000635,0.000248,0.000093,0.000034,0.000012,0.000004,0.000001,0.000000,0.000000,0.000000,0.000000,0.000000,0.000000,0.000000,0.000000,0.000001,0.000003,0.000008,0.000024,0.000065,0.000171,0.000431,0.001046,0.002438,0.005463,0.011759,0.024319,0.048324,0.092259,0.169232,0.298249,0.505024,0.821609,1.284253,1.928698,2.782934,3.858119,5.138912,6.576540,8.086336,9.552851,10.842880,11.824498,12.389385,12.472251,12.063365,11.210353,10.009209,8.586329,7.076906,5.604146,4.263825,3.116896,2.189126,1.477228,0.957758,0.596602,0.357068,0.205324,0.113438,0.060215,0.030710,0.015048,0.007085,0.003205,0.001393,0.000582,0.000233,0.000090,0.000033,0.000012,0.000004,0.000001,0.000000,0.000000,0.000000,0.000000,0.000000,0.000000,0.000000,0.000000,0.000000,0.000000,0.000000,0.000000,0.000000,0.000000,0.000000,0.000000,0.000000,0.000000,0.000000,0.000000,0.000000,0.000000,0.000000,0.000000,0.000000,0.000000,0.000000,0.000000,0.000000,0.000000,0.000000,0.000000,0.000000,0.000000,0.000000,0.000000,0.000000,0.000000,0.000000,0.000000,0.000000,0.000000,0.000000,0.000000,0.000000,0.000000,0.000000,0.000000,0.000000,0.000000,0.000000,0.000000,0.000000,0.000000,0.000000,0.000000,0.000000,0.000000,0.000000,0.000000,0.000000,0.000000,0.000000,0.000000,0.000000,0.000000,0.000000,0.000000,0.000000,0.000000,0.000000,0.000000,0.000000,0.000000,0.000000,0.000000,0.000000,0.000000,0.000000,0.000000,0.000000,0.000000,0.000000,0.000000,0.000000,0.000000,0.000000,0.000000,0.000000,0.000000,0.000000,0.000000,0.000000,0.000000,0.000000,0.000000,0.000000,0.000000,0.000000,0.000000,0.000000,0.000000,0.000000,0.000000,0.000000,0.000000,0.000000,0.000000,0.000000,0.000000,0.000000,0.000000,0.000000,0.000000,0.000000,0.000000,0.000000,0.000000,0.000000,0.000000,0.000000,0.000000,0.000000,0.000000,0.000000,0.000000,0.000000,0.000000,0.000000,0.000000,0.000000,0.000000,0.000000,0.000000,0.000000,0.000000,0.000000,0.000000,0.000000,0.000000,0.000000,0.000000,0.000000,0.000000,0.000000,0.000000,0.000000,0.000000,0.000000,0.000000,0.000000,0.000000,0.000000,0.000000,0.000000,0.000000,0.000000,0.000000,0.000000,0.000000,0.000000,0.000000,0.000000,0.000000,0.000000,0.000000,0.000000,0.000000,0.000000,0.000000,0.000000,0.000000,0.000000,0.000000,0.000000,0.000000,0.000000,0.000000,0.000000,0.000000,0.000000,0.000000,0.000000,0.000000,0.000000,0.000000,0.000000,0.000000,0.000000,0.000000,0.000000,0.000000,0.000000,0.000000,0.000000,0.000000,0.000000,0.000000,0.000000,0.000000,0.000000,0.000000,0.000000,0.000000,0.000000,0.000000,0.000000,0.000000,0.000000,0.000000,0.000000,0.000000,0.000000,0.000000,0.000000,0.000000,0.000000,0.000000,0.000000,0.000000,0.000000,0.000000,0.000000,0.000000,0.000000,0.000000,0.000000,0.000000,0.000000,0.000000,0.000000,0.000000,0.000000,0.000000,0.000000,0.000000,0.000000,0.000000,0.000000,0.000000,0.000000,0.000000,0.000000,0.000000,0.000000,0.000000,0.000000,0.000000,0.000000,0.000000,0.000000,0.000000,0.000000,0.000000,0.000000,0.000000,0.000000,0.000000,0.000000,0.000000,0.000000,0.000000,0.000000,0.000000,0.000000,0.000000,0.000000,0.000000,0.000000,0.000000,0.000000,0.000000,0.000000,0.000000,0.000000,0.000000,0.000000,0.000000,0.000000,0.000000,0.000000,0.000000,0.000001,0.000002,0.000008,0.000023,0.000066,0.000182,0.000484,0.001239,0.003048,0.007203,0.016354,0.035676,0.074774,0.150578,0.291334,0.541564,0.967266,1.659820,2.736610,4.334958,6.597595,9.647641,13.554351,18.296574,23.729259,29.568371,35.399895,40.719460,45.002029,47.784714,48.750000,47.784641,45.001896,40.719273,35.399681,29.568371,23.729040,18.296375,13.554187,9.647509,6.597595,4.334885,2.736560,1.659787,0.967245,0.541564,0.291327,0.150574,0.074772,0.035675,0.016354,0.007203,0.003048,0.001239,0.000484,0.000182,0.000066,0.000023,0.000008,0.000002,0.000001,0.000000,0.000000,0.000000,0.000000,0.000000,0.000000,0.000000,0.000000,0.000000,0.000000,0.000000,0.000000,0.000000,0.000000,0.000000,0.000000,0.000000,0.000000,0.000000,0.000000,0.000000,0.000000,0.000000,0.000000,0.000000,0.000000,0.000000,0.000001,0.000002,0.000006,0.000017,0.000050,0.000140,0.000372,0.000953,0.002345,0.005541,0.012581,0.027442,0.057520,0.115829,0.224103,0.416606,0.744035,1.276810,2.105086,3.334586,5.075238,7.421189,10.426626,14.074478,18.253746,22.746355,27.233040,31.328295,34.628452,36.780640,37.544823,36.840790,34.765553,31.577879,27.651541,23.411491,19.268291,15.558258,12.511608,10.236018,8.725640,7.883562,7.551178,7.541320,7.667424,7.768085,7.724103,7.467296,6.980864,6.291946,5.458617,4.554521,3.652933,2.815750,2.085632,1.484331,1.015065,0.666912,0.421007,0.255354,0.148801,0.083318,0.044818,0.023165,0.011503,0.005488,0.002516,0.001108,0.000469,0.000191,0.000074,0.000028,0.000010,0.000003,0.000001,0.000000,0.000000,0.000000,0.000000,0.000000,0.000000,0.000000,0.000000,0.000000,0.000000,0.000000,0.000000,0.000000,0.000000,0.000000,0.000000,0.000000,0.000000,0.000000,0.000000,0.000000,0.000000,0.000000,0.000000,0.000000,0.000000,0.000000,0.000000,0.000000,0.000000,0.000000,0.000000,0.000000,0.000000,0.000000,0.000000,0.000000,0.000000,0.000000,0.000000,0.000000,0.000000,0.000000,0.000000,0.000000,0.000000,0.000000,0.000000,0.000000,0.000000,0.000000,0.000000,0.000000,0.000000,0.000000,0.000000,0.000000,0.000000,0.000000
I10=0.000000,0.000000,0.000000,0.000000,0.000000,0.000000,0.000000,0.000000,0.000000,0.000000,0.000000,0.000000,0.000000,0.000000,0.000000,0.000000,0.000000,0.000000,0.000000,0.000000,0.000001,0.000002,0.000008,0.000023,0.000067,0.000186,0.000496,0.001271,0.003126,0.007387,0.016773,0.036590,0.076691,0.154435,0.298800,0.555450,0.992057,1.702379,2.806728,4.446073,6.766764,9.894949,13.901898,18.765514,24.337589,30.326534,36.307476,41.763550,46.155788,49.009926,50.000000,49.009926,46.155788,41.763550,36.307476,30.326534,24.337589,18.765514,13.901898,9.894949,6.766764,4.446073,2.806728,1.702379,0.992057,0.555450,0.298800,0.154435,0.076691,0.036590,0.016773,0.007387,0.003126,0.001271,0.000496,0.000186,0.000067,0.000023,0.000008,0.000002,0.000001,0.000000,0.000000,0.000000,0.000000,0.000000,0.000000,0.000001,0.000002,0.000006,0.000017,0.000047,0.000130,0.000341,0.000862,0.002091,0.004876,0.010925,0.023517,0.048639,0.096648,0.184518,0.338464,0.596497,1.010048,1.643218,2.568506,3.857396,5.565869,7.716238,10.277824,13.153079,16.172672,19.105701,21.685760,23.648996,24.778770,24.944502,24.126730,22.420706,20.018417,17.172659,14.153811,11.208293,8.527651,6.233792,4.378253,2.954456,1.915517,1.193205,0.714135,0.410648,0.226875,0.120431,0.061419,0.030096,0.014169,0.006409,0.002785,0.001163,0.000467,0.000180,0.000067,0.000024,0.000008,0.000003,0.000001,0.000000,0.000000,0.000000,0.000000,0.000000,0.000000,0.000000,0.000000,0.000000,0.000000,0.000000,0.000000,0.000000,0.000000,0.000000,0.000000,0.000000,0.000000,0.000000,0.000000,0.000000,0.000000,0.000000,0.000000,0.000000,0.000000,0.000000,0.000000,0.000000,0.000000,0.000000,0.000000,0.000000,0.000000,0.000000,0.000000,0.000000,0.000000,0.000000,0.000000,0.000000,0.000000,0.000000,0.000000,0.000000,0.000000,0.000000,0.000000,0.000000,0.000000,0.000000,0.000000,0.000000,0.000000,0.000000,0.000000,0.000000,0.000000,0.000000,0.000000,0.000000,0.000000,0.000000,0.000000,0.000000,0.000000,0.000000,0.000000,0.000000,0.000000,0.000000,0.000000,0.000000,0.000000,0.000000,0.000000,0.000000,0.000000,0.000000,0.000000,0.000000,0.000000,0.000000,0.000000,0.000000,0.000000,0.000000,0.000000,0.000000,0.000000,0.000000,0.000000,0.000000,0.000000,0.000000,0.000000,0.000000,0.000000,0.000000,0.000000,0.000000,0.000000,0.000000,0.000000,0.000000,0.000000,0.000000,0.000000,0.000000,0.000000,0.000000,0.000000,0.000000,0.000000,0.000000,0.000000,0.000000,0.000000,0.000000,0.000000,0.000000,0.000000,0.000000,0.000000,0.000000,0.000000,0.000000,0.000000,0.000000,0.000000,0.000000,0.000000,0.000000,0.000000,0.000000,0.000000,0.000000,0.000000,0.000000,0.000000,0.000000,0.000000,0.000000,0.000000,0.000000,0.000000,0.000000,0.000000,0.000000,0.000000,0.000000,0.000000,0.000000,0.000000,0.000000,0.000000,0.000000,0.000000,0.000000,0.000000,0.000000,0.000000,0.000000,0.000000,0.000000,0.000000,0.000000,0.000000,0.000000,0.000000,0.000000,0.000000,0.000000,0.000000,0.000000,0.000000,0.000000,0.000000,0.000000,0.000000,0.000000,0.000000,0.000000,0.000000,0.000000,0.000000,0.000000,0.000000,0.000000,0.000000,0.000000,0.000000,0.000000,0.000000,0.000000,0.000000,0.000000,0.000000,0.000000,0.000000,0.000000,0.000000,0.000000,0.000000,0.000000,0.000000,0.000000,0.000000,0.000000,0.000000,0.000000,0.000000,0.000000,0.000000,0.000000,0.000000,0.000000,0.000000,0.000000,0.000000,0.000000,0.000000,0.000000,0.000000,0.000000,0.000000,0.000000,0.000000,0.000000,0.000000,0.000000,0.000000,0.000000,0.000001,0.000002,0.000006,0.000019,0.000054,0.000149,0.000397,0.001017,0.002501,0.005910,0.013419,0.029273,0.061353,0.123548,0.239043,0.444360,0.793654,1.361904,2.245382,3.556888,5.413411,7.916013,11.121519,15.012411,19.470161,24.261227,29.046068,33.410839,36.924633,39.207970,40.000000,39.207912,36.924633,33.410839,29.045891,24.261227,19.469982,15.012411,11.121519,7.915905,5.413411,3.556829,2.245382,1.361904,0.793637,0.444360,0.239037,0.123548,0.061353,0.029272,0.013419,0.005910,0.002501,0.001017,0.000397,0.000149,0.000054,0.000019,0.000006,0.000002,0.000001,0.000000,0.000000,0.000000,0.000000,0.000000,0.000000,0.000000,0.000000,0.000000,0.000000,0.000000,0.000000,0.000000,0.000000,0.000000,0.000000,0.000000,0.000000,0.000000,0.000000,0.000000,0.000000,0.000000,0.000000,0.000000,0.000000,0.000000,0.000000,0.000000,0.000000,0.000000,0.000000,0.000001,0.000002,0.000005,0.000016,0.000047,0.000133,0.000360,0.000933,0.002326,0.005571,0.012818,0.028338,0.060192,0.122841,0.240859,0.453745,0.821296,1.428256,2.386477,3.830935,5.908959,8.756506,12.467505,17.055590,22.416262,28.307739,34.345318,40.036736,44.841652,48.253311,49.889015,49.557541,47.298054,43.371262,38.211720,32.345230,26.306158,20.555754,15.432206,11.131959,7.714735,5.137012,3.286465,2.020038,1.193032,0.676920,0.369037,0.193300,0.097276,0.047043,0.021869,0.009807,0.004332,0.002120,0.001699,0.002760,0.006005,0.013452,0.029285,0.061355,0.123552,0.239044,0.444360,0.793671,1.361877,2.245424,3.556888,5.413411,7.916121,11.121384,15.012573,19.470161,24.261227,29.046246,33.410686,36.924744,39.207970,40.000000,39.207851,36.924744,33.410686,29.045891,24.261227,19.469805,15.012573,11.121384,7.915905,5.413411,3.556769,2.245424,1.361877,0.793637,0.444360,0.239032,0.123551,0.061351,0.029272,0.013419,0.005910,0.002501,0.001017,0.000397,0.000149,0.000054,0.000019,0.000006,0.000002,0.000001,0.000000,0.000000,0.000000,0.000000,0.000000,0.000000,0.000000,0.000000,0.000000,0.000000,0.000000,0.000000,0.000000,0.000000,0.000000,0.000000,0.000000,0.000000,0.000000,0.000000,0.000000,0.000000,0.000000,0.000000,0.000000,0.000000,0.000000,0.000000,0.000000,0.000000,0.000000,0.000000,0.000000,0.000000,0.000000,0.000000,0.000000,0.000000,0.000000,0.000000,0.000000,0.000000,0.000000,0.000000,0.000000,0.000000,0.000000,0.000000,0.000000,0.000000,0.000000,0.000000,0.000000,0.000000,0.000000,0.000000,0.000000,0.000000,0.000000,0.000000,0.000000,0.000000,0.000000,0.000000,0.000000,0.000000,0.000000,0.000000,0.000000
I11=0.000000,0.000000,0.000000,0.000000,0.000000,0.000000,0.000000,0.000000,0.000000,0.000000,0.000000,0.000000,0.000000,0.000000,0.000000,0.000000,0.000000,0.000000,0.000000,0.000000,0.000001,0.000002,0.000006,0.000017,0.000050,0.000140,0.000372,0.000953,0.002345,0.005541,0.012580,0.027443,0.057518,0.115826,0.224100,0.416587,0.744043,1.276785,2.105046,3.334555,5.075073,7.421212,10.426424,14.074135,18.253193,22.744900,27.230606,31.322662,34.616840,36.757442,37.500000,36.757442,34.616840,31.322662,27.230606,22.744900,18.253193,14.074135,10.426424,7.421212,5.075073,3.334555,2.105046,1.276785,0.744043,0.416587,0.224100,0.115826,0.057518,0.027443,0.012580,0.005541,0.002345,0.000953,0.000372,0.000140,0.000050,0.000017,0.000006,0.000002,0.000001,0.000000,0.000000,0.000000,0.000000,0.000000,0.000000,0.000000,0.000001,0.000004,0.000012,0.000036,0.000097,0.000256,0.000646,0.001568,0.003657,0.008194,0.017638,0.036479,0.072486,0.138389,0.253848,0.447373,0.757536,1.232414,1.926380,2.893047,4.174402,5.787179,7.708369,9.864809,12.129503,14.329276,16.264320,17.736748,18.584078,18.708376,18.095047,16.815529,15.013814,12.879494,10.615358,8.406219,6.395738,4.675344,3.283690,2.215842,1.436638,0.894904,0.535601,0.307986,0.170156,0.090323,0.046065,0.022572,0.010627,0.004807,0.002089,0.000872,0.000350,0.000135,0.000050,0.000018,0.000006,0.000002,0.000001,0.000000,0.000000,0.000000,0.000000,0.000000,0.000000,0.000000,0.000000,0.000000,0.000000,0.000000,0.000000,0.000000,0.000000,0.000000,0.000000,0.000000,0.000000,0.000000,0.000000,0.000000,0.000000,0.000000,0.000000,0.000000,0.000000,0.000000,0.000000,0.000000,0.000000,0.000000,0.000001,0.000003,0.000009,0.000027,0.000075,0.000199,0.000508,0.001250,0.002955,0.006709,0.014636,0.030676,0.061774,0.119519,0.222180,0.396827,0.680952,1.122691,1.778414,2.706706,3.958006,5.560760,7.506206,9.734991,12.130613,14.523034,16.705420,18.462317,19.603956,20.000000,19.603956,18.462317,16.705420,14.523034,12.130613,9.734991,7.506206,5.560760,3.958006,2.706706,1.778414,1.122691,0.680952,0.396827,0.222180,0.119519,0.061774,0.030676,0.014636,0.006709,0.002955,0.001250,0.000508,0.000199,0.000075,0.000027,0.000009,0.000003,0.000001,0.000000,0.000000,0.000000,0.000000,0.000000,0.000000,0.000000,0.000000,0.000000,0.000000,0.000000,0.000000,0.000000,0.000000,0.000000,0.000000,0.000000,0.000000,0.000000,0.000000,0.000000,0.000000,0.000000,0.000000,0.000000,0.000000,0.000000,0.000000,0.000000,0.000000,0.000000,0.000000,0.000000,0.000000,0.000000,0.000000,0.000000,0.000000,0.000000,0.000000,0.000000,0.000000,0.000000,0.000000,0.000000,0.000000,0.000000,0.000000,0.000000,0.000000,0.000000,0.000000,0.000000,0.000000,0.000000,0.000000,0.000000,0.000000,0.000000,0.000000,0.000000,0.000000,0.000000,0.000000,0.000000,0.000000,0.000000,0.000000,0.000000,0.000000,0.000000,0.000000,0.000000,0.000000,0.000000,0.000000,0.000000,0.000000,0.000000,0.000000,0.000000,0.000000,0.000000,0.000000,0.000000,0.000000,0.000000,0.000000,0.000000,0.000000,0.000000,0.000000,0.000000,0.000000,0.000000,0.000000,0.000000,0.000000,0.000000,0.000000,0.000000,0.000000,0.000000,0.000000,0.000000,0.000000,0.000000,0.000000,0.000000,0.000000,0.000000,0.000000,0.000000,0.000000,0.000000,0.000000,0.000000,0.000000,0.000000,0.000000,0.000000,0.000000,0.000000,0.000000,0.000000,0.000000,0.000000,0.000000,0.000000,0.000000,0.000000,0.000000,0.000000,0.000000,0.000000,0.000000,0.000000,0.000000,0.000000,0.000000,0.000000,0.000000,0.000000,0.000000,0.000000,0.000002,0.000005,0.000013,0.000037,0.000099,0.000254,0.000625,0.001478,0.003355,0.007318,0.015338,0.030887,0.059761,0.111090,0.198413,0.340476,0.561346,0.889222,1.353353,1.979003,2.780380,3.753103,4.867540,6.065307,7.261517,8.352710,9.231158,9.801992,10.000000,9.801978,9.231158,8.352710,7.261473,6.065307,4.867496,3.753103,2.780380,1.978976,1.353353,0.889207,0.561346,0.340476,0.198409,0.111090,0.059759,0.030887,0.015338,0.007318,0.003355,0.001477,0.000625,0.000254,0.000099,0.000037,0.000013,0.000005,0.000002,0.000000,0.000000,0.000000,0.000000,0.000000,0.000000,0.000000,0.000000,0.000000,0.000000,0.000000,0.000000,0.000000,0.000000,0.000000,0.000000,0.000000,0.000000,0.000000,0.000000,0.000000,0.000000,0.000000,0.000001,0.000003,0.000008,0.000022,0.000058,0.000145,0.000348,0.000801,0.001771,0.003762,0.007678,0.015054,0.028360,0.051332,0.089272,0.149164,0.239471,0.369400,0.547515,0.779810,1.067355,1.404234,1.776318,2.161630,2.533019,2.862808,3.129274,3.323387,3.454410,3.552733,3.668459,3.865446,4.210703,4.761011,5.548606,6.568601,7.772664,9.068501,10.330247,11.415810,12.189585,12.546815,12.431693,11.847578,10.854896,9.559010,8.089247,6.577905,5.139548,3.858313,2.783098,1.928726,1.284269,0.821622,0.505011,0.298259,0.169230,0.092259,0.048325,0.024319,0.011761,0.005467,0.002452,0.001083,0.000530,0.000425,0.000690,0.001501,0.003363,0.007321,0.015339,0.030888,0.059761,0.111090,0.198418,0.340469,0.561356,0.889222,1.353353,1.979030,2.780346,3.753143,4.867540,6.065307,7.261561,8.352672,9.231186,9.801992,10.000000,9.801963,9.231186,8.352672,7.261473,6.065307,4.867451,3.753143,2.780346,1.978976,1.353353,0.889192,0.561356,0.340469,0.198409,0.111090,0.059758,0.030888,0.015338,0.007318,0.003355,0.001477,0.000625,0.000254,0.000099,0.000037,0.000013,0.000005,0.000002,0.000000,0.000000,0.000000,0.000000,0.000000,0.000000,0.000000,0.000000,0.000000,0.000000,0.000000,0.000000,0.000000,0.000000,0.000000,0.000000,0.000000,0.000000,0.000000,0.000000,0.000000,0.000000,0.000000,0.000000,0.000000,0.000000,0.000000,0.000000,0.000000,0.000000,0.000000,0.000000,0.000000,0.000000,0.000000,0.000000,0.000000,0.000000,0.000000,0.000000,0.000000,0.000000,0.000000,0.000000,0.000000,0.000000,0.000000,0.000000,0.000000,0.000000,0.000000,0.000000,0.000000,0.000000,0.000000,0.000000,0.000000,0.000000,0.000000,0.000000,0.000000,0.000000,0.000000,0.000000,0.000000,0.000000,0.000000,0.000000,0.000000,0.000000,0.000000
I12=0.000000,0.000000,0.000000,0.000000,0.000000,0.000000,0.000000,0.000000,0.000000,0.000000,0.000000,0.000000,0.000000,0.000000,0.000000,0.000000,0.000000,0.000000,0.000000,0.000000,0.000001,0.000002,0.000008,0.000023,0.000067,0.000186,0.000496,0.001271,0.003126,0.007387,0.016773,0.036590,0.076691,0.154435,0.298800,0.555450,0.992057,1.702379,2.806728,4.446073,6.766764,9.894949,13.901898,18.765514,24.337589,30.326534,36.307476,41.763550,46.155788,49.009926,50.000000,49.009926,46.155788,41.763550,36.307476,30.326534,24.337589,18.765514,13.901898,9.894949,6.766764,4.446073,2.806728,1.702379,0.992057,0.555450,0.298800,0.154435,0.076691,0.036590,0.016773,0.007387,0.003126,0.001271,0.000496,0.000186,0.000067,0.000023,0.000008,0.000002,0.000001,0.000000,0.000000,0.000000,0.000000,0.000000,0.000000,0.000001,0.000002,0.000006,0.000017,0.000047,0.000130,0.000341,0.000862,0.002091,0.004876,0.010925,0.023517,0.048639,0.096648,0.184518,0.338464,0.596497,1.010048,1.643218,2.568506,3.857396,5.565869,7.716238,10.277824,13.153079,16.172672,19.105701,21.685760,23.648996,24.778770,24.944502,24.126730,22.420706,20.018417,17.172659,14.153811,11.208293,8.527651,6.233792,4.378253,2.954456,1.915517,1.193205,0.714135,0.410648,0.226875,0.120431,0.061419,0.030096,0.014169,0.006409,0.002785,0.001163,0.000467,0.000180,0.000067,0.000024,0.000008,0.000003,0.000001,0.000000,0.000000,0.000000,0.000000,0.000000,0.000000,0.000000,0.000000,0.000000,0.000000,0.000000,0.000000,0.000000,0.000000,0.000000,0.000000,0.000000,0.000000,0.000000,0.000000,0.000000,0.000000,0.000000,0.000000,0.000000,0.000000,0.000000,0.000000,0.000000,0.000000,0.000000,0.000000,0.000000,0.000000,0.000000,0.000000,0.000000,0.000000,0.000000,0.000000,0.000000,0.000000,0.000000,0.000000,0.000000,0.000000,0.000000,0.000000,0.000000,0.000000,0.000000,0.000000,0.000000,0.000000,0.000000,0.000000,0.000000,0.000000,0.000000,0.000000,0.000000,0.000000,0.000000,0.000000,0.000000,0.000000,0.000000,0.000000,0.000000,0.000000,0.000000,0.000000,0.000000,0.000000,0.000000,0.000000,0.000000,0.000000,0.000000,0.000000,0.000000,0.000000,0.000000,0.000000,0.000000,0.000000,0.000000,0.000000,0.000000,0.000000,0.000000,0.000000,0.000000,0.000000,0.000000,0.000000,0.000000,0.000000,0.000000,0.000000,0.000000,0.000000,0.000000,0.000000,0.000000,0.000000,0.000000,0.000000,0.000000,0.000000,0.000000,0.000000,0.000000,0.000000,0.000000,0.000000,0.000000,0.000000,0.000000,0.000000,0.000000,0.000000,0.000000,0.000000,0.000000,0.000000,0.000000,0.000000,0.000000,0.000000,0.000000,0.000000,0.000000,0.000000,0.000000,0.000000,0.000000,0.000000,0.000000,0.000000,0.000000,0.000001,0.000003,0.000008,0.000024,0.000065,0.000171,0.000431,0.001046,0.002438,0.005463,0.011759,0.024319,0.048324,0.092257,0.169230,0.298252,0.505019,0.821602,1.284232,1.928684,2.782953,3.858097,5.138886,6.576483,8.086308,9.552877,10.842859,11.824484,12.389372,12.472254,12.063353,11.210373,10.009234,8.586329,7.076935,5.604174,4.263850,3.116916,2.189126,1.477240,0.957767,0.596608,0.357071,0.205324,0.113439,0.060216,0.030710,0.015048,0.007085,0.003205,0.001393,0.000582,0.000233,0.000090,0.000033,0.000012,0.000004,0.000001,0.000000,0.000000,0.000000,0.000000,0.000000,0.000000,0.000000,0.000000,0.000000,0.000000,0.000000,0.000000,0.000000,0.000000,0.000000,0.000000,0.000000,0.000000,0.000000,0.000000,0.000000,0.000000,0.000000,0.000000,0.000000,0.000000,0.000000,0.000000,0.000000,0.000000,0.000000,0.000000,0.000000,0.000000,0.000000,0.000000,0.000000,0.000000,0.000000,0.000000,0.000000,0.000000,0.000000,0.000000,0.000000,0.000000,0.000000,0.000000,0.000000,0.000000,0.000000,0.000000,0.000000,0.000000,0.000000,0.000000,0.000000,0.000000,0.000000,0.000000,0.000000,0.000000,0.000000,0.000000,0.000000,0.000000,0.000000,0.000000,0.000000,0.000000,0.000000,0.000000,0.000000,0.000000,0.000000,0.000000,0.000000,0.000000,0.000000,0.000000,0.000000,0.000000,0.000000,0.000002,0.000005,0.000015,0.000044,0.000121,0.000323,0.000826,0.002032,0.004802,0.010903,0.023784,0.049849,0.100385,0.194223,0.361042,0.644844,1.106547,1.824407,2.889971,4.398396,6.431761,9.036234,12.197716,15.819506,19.712246,23.599930,27.146307,30.001354,31.856476,32.500000,31.856428,30.001263,27.146181,23.599787,19.712246,15.819361,12.197584,9.036124,6.431673,4.398396,2.889923,1.824373,1.106525,0.644830,0.361042,0.194218,0.100383,0.049848,0.023783,0.010903,0.004802,0.002032,0.000826,0.000323,0.000121,0.000044,0.000015,0.000005,0.000002,0.000000,0.000000,0.000000,0.000000,0.000000,0.000000,0.000000,0.000000,0.000000,0.000000,0.000000,0.000000,0.000000,0.000000,0.000000,0.000000,0.000000,0.000000,0.000000,0.000000,0.000000,0.000000,0.000000,0.000000,0.000000,0.000000,0.000000,0.000000,0.000000,0.000000,0.000000,0.000000,0.000000,0.000000,0.000000,0.000000,0.000000,0.000000,0.000000,0.000000,0.000000,0.000000,0.000000,0.000000,0.000000,0.000000,0.000000,0.000000,0.000000,0.000000,0.000000,0.000000,0.000000,0.000000,0.000000,0.000000,0.000000,0.000000,0.000000,0.000000,0.000000,0.000000,0.000000,0.000000,0.000000,0.000000,0.000000,0.000000,0.000000,0.000000,0.000000,0.000000,0.000000,0.000000,0.000000,0.000000,0.000000,0.000000,0.000000,0.000000,0.000000,0.000000,0.000000,0.000000,0.000000,0.000000,0.000000,0.000000,0.000000,0.000000,0.000000,0.000000,0.000000,0.000000,0.000000,0.000000,0.000000,0.000000,0.000000,0.000000,0.000000,0.000000,0.000000,0.000000,0.000000,0.000000,0.000000,0.000000,0.000000,0.000000,0.000000,0.000000,0.000000,0.000000,0.000000,0.000000,0.000000,0.000000,0.000000,0.000000,0.000000,0.000000,0.000000,0.000000,0.000000,0.000000,0.000000,0.000000,0.000000,0.000000,0.000000,0.000000,0.000000,0.000000,0.000000,0.000000,0.000000,0.000000,0.000000,0.000000,0.000000,0.000000,0.000000,0.000000,0.000000,0.000000,0.000000,0.000000,0.000000,0.000000,0.000000,0.000000,0.000000,0.000000,0.000000,0.000000,0.000000,0.000000,0.000000,0.000000,0.000000,0.000000
I13=0.000000,0.000000,0.000000,0.000000,0.000000,0.000000,0.000000,0.000000,0.000000,0.000000,0.000000,0.000000,0.000000,0.000000,0.000000,0.000000,0.000000,0.000000,0.000000,0.000000,0.000001,0.000004,0.000012,0.000035,0.000101,0.000279,0.000745,0.001906,0.004689,0.011081,0.025160,0.054885,0.115036,0.231653,0.448201,0.833175,1.488085,2.553569,4.210092,6.669110,10.150146,14.842423,20.852848,28.148270,36.506386,45.489799,54.461212,62.645325,69.233681,73.514885,75.000000,73.514885,69.233681,62.645325,54.461212,45.489799,36.506386,28.148270,20.852848,14.842423,10.150146,6.669110,4.210092,2.553569,1.488085,0.833175,0.448201,0.231653,0.115036,0.054885,0.025160,0.011081,0.004689,0.001906,0.000745,0.000279,0.000101,0.000035,0.000012,0.000004,0.000001,0.000000,0.000000,0.000000,0.000000,0.000000,0.000000,0.000001,0.000003,0.000008,0.000025,0.000071,0.000195,0.000512,0.001292,0.003137,0.007315,0.016388,0.035276,0.072958,0.144973,0.276777,0.507696,0.894746,1.515072,2.464827,3.852759,5.786094,8.348804,11.574357,15.416738,19.729618,24.259007,28.658552,32.528641,35.473495,37.168156,37.416752,36.190094,33.631058,30.027628,25.758987,21.230717,16.812439,12.791476,9.350688,6.567380,4.431684,2.873275,1.789807,1.071203,0.615972,0.340313,0.180646,0.092129,0.045145,0.021254,0.009614,0.004178,0.001745,0.000700,0.000270,0.000100,0.000036,0.000012,0.000004,0.000001,0.000000,0.000000,0.000000,0.000000,0.000000,0.000000,0.000000,0.000000,0.000000,0.000000,0.000000,0.000000,0.000000,0.000000,0.000000,0.000000,0.000000,0.000000,0.000000,0.000000,0.000000,0.000000,0.000000,0.000000,0.000000,0.000000,0.000000,0.000000,0.000000,0.000000,0.000000,0.000000,0.000000,0.000000,0.000000,0.000000,0.000000,0.000000,0.000000,0.000000,0.000000,0.000000,0.000000,0.000000,0.000000,0.000000,0.000000,0.000000,0.000000,0.000000,0.000000,0.000000,0.000000,0.000000,0.000000,0.000000,0.000000,0.000000,0.000000,0.000000,0.000000,0.000000,0.000000,0.000000,0.000000,0.000000,0.000000,0.000000,0.000000,0.000000,0.000000,0.000000,0.000000,0.000000,0.000000,0.000000,0.000000,0.000000,0.000000,0.000000,0.000000,0.000000,0.000000,0.000000,0.000000,0.000000,0.000000,0.000000,0.000000,0.000000,0.000000,0.000000,0.000000,0.000000,0.000000,0.000000,0.000000,0.000000,0.000000,0.000000,0.000000,0.000000,0.000000,0.000000,0.000000,0.000000,0.000000,0.000000,0.000000,0.000000,0.000000,0.000000,0.000000,0.000000,0.000000,0.000000,0.000000,0.000000,0.000000,0.000000,0.000000,0.000000,0.000000,0.000000,0.000000,0.000000,0.000000,0.000000,0.000000,0.000000,0.000000,0.000000,0.000000,0.000000,0.000000,0.000000,0.000000,0.000000,0.000000,0.000000,0.000000,0.000000,0.000000,0.000000,0.000000,0.000000,0.000000,0.000000,0.000000,0.000000,0.000000,0.000000,0.000000,0.000000,0.000000,0.000000,0.000000,0.000000,0.000000,0.000000,0.000000,0.000000,0.000000,0.000000,0.000000,0.000000,0.000000,0.000000,0.000000,0.000000,0.000000,0.000000,0.000000,0.000000,0.000000,0.000000,0.000000,0.000000,0.000000,0.000000,0.000000,0.000000,0.000000,0.000000,0.000000,0.000000,0.000000,0.000000,0.000000,0.000000,0.000000,0.000000,0.000000,0.000000,0.000000,0.000000,0.000000,0.000000,0.000000,0.000000,0.000000,0.000000,0.000000,0.000000,0.000000,0.000000,0.000000,0.000000,0.000000,0.000000,0.000000,0.000000,0.000000,0.000000,0.000000,0.000000,0.000000,0.000000,0.000000,0.000000,0.000000,0.000000,0.000000,0.000000,0.000000,0.000000,0.000000,0.000000,0.000000,0.000000,0.000000,0.000000,0.000000,0.000000,0.000001,0.000003,0.000009,0.000027,0.000075,0.000199,0.000508,0.001250,0.002955,0.006709,0.014636,0.030676,0.061774,0.119522,0.222180,0.396827,0.680952,1.122691,1.778444,2.706706,3.958006,5.560760,7.506206,9.735081,12.130613,14.523034,16.705420,18.462317,19.603985,20.000000,19.603956,18.462317,16.705420,14.522945,12.130613,9.734991,7.506206,5.560760,3.957952,2.706706,1.778414,1.122691,0.680952,0.396818,0.222180,0.119519,0.061774,0.030676,0.014636,0.006709,0.002955,0.001250,0.000508,0.000199,0.000075,0.000027,0.000009,0.000003,0.000001,0.000000,0.000000,0.000000,0.000000,0.000000,0.000000,0.000000,0.000000,0.000000,0.000000,0.000000,0.000000,0.000000,0.000000,0.000000,0.000000,0.000000,0.000000,0.000000,0.000000,0.000000,0.000000,0.000000,0.000000,0.000000,0.000000,0.000000,0.000000,0.000000,0.000000,0.000000,0.000000,0.000000,0.000000,0.000001,0.000003,0.000008,0.000024,0.000067,0.000180,0.000467,0.001163,0.002785,0.006409,0.014169,0.030096,0.061420,0.120429,0.226873,0.410648,0.714128,1.193239,1.915467,2.954479,4.378253,6.233752,8.527795,11.208131,14.153870,17.172659,20.018368,22.420826,24.126656,24.944508,24.778770,23.649027,21.685631,19.105860,16.172615,13.153079,10.277877,7.716103,5.565979,3.857368,2.568506,1.643233,1.010019,0.596516,0.338460,0.184518,0.096650,0.048638,0.023522,0.010935,0.004903,0.002166,0.001060,0.000849,0.001380,0.003002,0.006726,0.014642,0.030677,0.061776,0.119522,0.222180,0.396836,0.680938,1.122712,1.778444,2.706706,3.958061,5.560692,7.506287,9.735081,12.130613,14.523123,16.705343,18.462372,19.603985,20.000000,19.603926,18.462372,16.705343,14.522945,12.130613,9.734902,7.506287,5.560692,3.957952,2.706706,1.778385,1.122712,0.680938,0.396818,0.222180,0.119516,0.061776,0.030676,0.014636,0.006709,0.002955,0.001250,0.000508,0.000199,0.000075,0.000027,0.000009,0.000003,0.000001,0.000000,0.000000,0.000000,0.000000,0.000000,0.000000,0.000000,0.000000,0.000000,0.000000,0.000000,0.000000,0.000000,0.000000,0.000000,0.000000,0.000000,0.000000,0.000000,0.000000,0.000000,0.000000,0.000000,0.000000,0.000000,0.000000,0.000000,0.000000,0.000000,0.000000,0.000000,0.000000,0.000000,0.000000,0.000000,0.000000,0.000000,0.000000,0.000000,0.000000,0.000000,0.000000,0.000000,0.000000,0.000000,0.000000,0.000000,0.000000,0.000000,0.000000,0.000000,0.000000,0.000000,0.000000,0.000000,0.000000,0.000000,0.000000,0.000000,0.000000,0.000000,0.000000,0.000000,0.000000,0.000000,0.000000,0.000000,0.000000,0.000000,0.000000
I14=0.000000,0.000000,0.000000,0.000000,0.000000,0.000000,0.000000,0.000000,0.000000,0.000000,0.000000,0.000000,0.000000,0.000000,0.000000,0.000000,0.000000,0.000000,0.000000,0.000000,0.000001,0.000004,0.000012,0.000035,0.000101,0.000279,0.000745,0.001906,0.004689,0.011081,0.025160,0.054885,0.115036,0.231653,0.448201,0.833175,1.488085,2.553569,4.210092,6.669110,10.150146,14.842423,20.852848,28.148270,36.506386,45.489799,54.461212,62.645325,69.233681,73.514885,75.000000,73.514885,69.233681,62.645325,54.461212,45.489799,36.506386,28.148270,20.852848,14.842423,10.150146,6.669110,4.210092,2.553569,1.488085,0.833175,0.448201,0.231653,0.115036,0.054885,0.025160,0.011081,0.004689,0.001906,0.000745,0.000279,0.000101,0.000035,0.000012,0.000004,0.000001,0.000000,0.000000,0.000000,0.000000,0.000000,0.000000,0.000001,0.000003,0.000008,0.000025,0.000071,0.000195,0.000512,0.001292,0.003137,0.007315,0.016388,0.035276,0.072958,0.144973,0.276777,0.507696,0.894746,1.515072,2.464827,3.852759,5.786094,8.348804,11.574357,15.416738,19.729618,24.259007,28.658552,32.528641,35.473495,37.168156,37.416752,36.190094,33.631058,30.027628,25.758987,21.230717,16.812439,12.791476,9.350688,6.567380,4.431684,2.873275,1.789807,1.071203,0.615972,0.340313,0.180646,0.092129,0.045145,0.021254,0.009614,0.004178,0.001745,0.000700,0.000270,0.000100,0.000036,0.000012,0.000004,0.000001,0.000000,0.000000,0.000000,0.000000,0.000000,0.000000,0.000000,0.000000,0.000000,0.000000,0.000000,0.000000,0.000000,0.000000,0.000000,0.000000,0.000000,0.000000,0.000000,0.000000,0.000000,0.000000,0.000000,0.000000,0.000000,0.000000,0.000000,0.000000,0.000000,0.000000,0.000000,0.000000,0.000000,0.000000,0.000000,0.000000,0.000000,0.000000,0.000000,0.000000,0.000000,0.000000,0.000000,0.000000,0.000000,0.000000,0.000000,0.000000,0.000000,0.000000,0.000000,0.000000,0.000000,0.000000,0.000000,0.000000,0.000000,0.000000,0.000000,0.000000,0.000000,0.000000,0.000000,0.000000,0.000000,0.000000,0.000000,0.000000,0.000000,0.000000,0.000000,0.000000,0.000000,0.000000,0.000000,0.000000,0.000000,0.000000,0.000000,0.000000,0.000000,0.000000,0.000000,0.000000,0.000000,0.000000,0.000000,0.000000,0.000000,0.000000,0.000000,0.000000,0.000000,0.000000,0.000000,0.000000,0.000000,0.000000,0.000000,0.000000,0.000000,0.000000,0.000000,0.000000,0.000000,0.000000,0.000000,0.000000,0.000000,0.000000,0.000000,0.000000,0.000000,0.000000,0.000000,0.000000,0.000000,0.000000,0.000000,0.000000,0.000000,0.000000,0.000000,0.000000,0.000000,0.000000,0.000000,0.000000,0.000000,0.000000,0.000000,0.000000,0.000000,0.000000,0.000000,0.000000,0.000000,0.000000,0.000000,0.000000,0.000000,0.000001,0.000004,0.000012,0.000036,0.000097,0.000256,0.000646,0.001568,0.003657,0.008194,0.017638,0.036479,0.072485,0.138385,0.253845,0.447378,0.757529,1.232403,1.926348,2.893026,4.174429,5.787145,7.708329,9.864724,12.129461,14.329316,16.264288,17.736725,18.584059,18.708382,18.095030,16.815559,15.013851,12.879494,10.615402,8.406260,6.395774,4.675374,3.283690,2.215860,1.436650,0.894912,0.535607,0.307986,0.170158,0.090324,0.046065,0.022573,0.010627,0.004807,0.002089,0.000872,0.000350,0.000135,0.000050,0.000018,0.000006,0.000002,0.000001,0.000000,0.000000,0.000000,0.000000,0.000000,0.000000,0.000000,0.000000,0.000000,0.000000,0.000000,0.000000,0.000000,0.000000,0.000000,0.000000,0.000000,0.000000,0.000000,0.000000,0.000000,0.000000,0.000000,0.000000,0.000000,0.000000,0.000000,0.000000,0.000000,0.000000,0.000000,0.000000,0.000000,0.000000,0.000000,0.000000,0.000000,0.000000,0.000000,0.000000,0.000000,0.000000,0.000000,0.000000,0.000000,0.000000,0.000000,0.000000,0.000000,0.000000,0.000000,0.000000,0.000000,0.000000,0.000000,0.000000,0.000000,0.000000,0.000000,0.000000,0.000000,0.000000,0.000000,0.000000,0.000000,0.000000,0.000000,0.000000,0.000000,0.000000,0.000000,0.000000,0.000000,0.000000,0.000000,0.000000,0.000000,0.000000,0.000000,0.000000,0.000000,0.000000,0.000001,0.000003,0.000008,0.000022,0.000061,0.000161,0.000413,0.001016,0.002401,0.005451,0.011892,0.024925,0.050193,0.097111,0.180521,0.322422,0.553273,0.912203,1.444986,2.199198,3.215880,4.518117,6.098858,7.909753,9.856123,11.799965,13.573153,15.000677,15.928238,16.250000,15.928214,15.000631,13.573091,11.799893,9.856123,7.909680,6.098792,4.518062,3.215836,2.199198,1.444962,0.912187,0.553262,0.322415,0.180521,0.097109,0.050191,0.024924,0.011892,0.005451,0.002401,0.001016,0.000413,0.000161,0.000061,0.000022,0.000008,0.000003,0.000001,0.000000,0.000000,0.000000,0.000000,0.000000,0.000000,0.000000,0.000000,0.000000,0.000000,0.000000,0.000000,0.000000,0.000000,0.000000,0.000000,0.000000,0.000000,0.000000,0.000000,0.000000,0.000000,0.000000,0.000000,0.000000,0.000000,0.000000,0.000000,0.000000,0.000001,0.000002,0.000006,0.000017,0.000047,0.000124,0.000318,0.000782,0.001847,0.004194,0.009147,0.019173,0.038610,0.074701,0.138869,0.248012,0.425603,0.701695,1.111528,1.691743,2.473720,3.475518,4.691429,6.084425,7.581749,9.076841,10.440935,11.538982,12.252491,12.500000,12.252491,11.538913,10.440839,9.076841,7.581518,6.084425,4.691329,3.475432,2.473720,1.691639,1.111528,0.701669,0.425586,0.248012,0.138856,0.074701,0.038608,0.019172,0.009147,0.004193,0.001847,0.000781,0.000318,0.000124,0.000047,0.000017,0.000006,0.000002,0.000001,0.000000,0.000000,0.000000,0.000000,0.000000,0.000000,0.000000,0.000000,0.000000,0.000000,0.000000,0.000000,0.000000,0.000000,0.000000,0.000000,0.000000,0.000000,0.000000,0.000000,0.000000,0.000000,0.000000,0.000000,0.000000,0.000000,0.000000,0.000000,0.000000,0.000000,0.000000,0.000000,0.000000,0.000000,0.000000,0.000000,0.000000,0.000000,0.000000,0.000000,0.000000,0.000000,0.000000,0.000000,0.000000,0.000000,0.000000,0.000000,0.000000,0.000000,0.000000,0.000000,0.000000,0.000000,0.000000,0.000000,0.000000,0.000000,0.000000,0.000000,0.000000,0.000000,0.000000,0.000000,0.000000,0.000000,0.000000,0.000000,0.000000,0.000000,0.000000,0.000000,0.000000,0.000000
I15=0.000000,0.000000,0.000000,0.000000,0.000000,0.000000,0.000000,0.000000,0.000000,0.000000,0.000000,0.000000,0.000000,0.000000,0.000000,0.000000,0.000000,0.000000,0.000000,0.000000,0.000002,0.000005,0.000015,0.000047,0.000134,0.000373,0.000993,0.002542,0.006252,0.014775,0.033546,0.073180,0.153382,0.308870,0.597601,1.110900,1.984114,3.404759,5.613456,8.892146,13.533528,19.789898,27.803797,37.531029,48.675179,60.653069,72.614952,83.527100,92.311577,98.019852,100.000000,98.019852,92.311577,83.527100,72.614952,60.653069,48.675179,37.531029,27.803797,19.789898,13.533528,8.892146,5.613456,3.404759,1.984114,1.110900,0.597601,0.308870,0.153382,0.073180,0.033546,0.014775,0.006252,0.002542,0.000993,0.000373,0.000134,0.000047,0.000015,0.000005,0.000002,0.000000,0.000000,0.000000,0.000000,0.000000,0.000000,0.000001,0.000004,0.000011,0.000033,0.000095,0.000259,0.000682,0.001723,0.004182,0.009753,0.021851,0.047035,0.097278,0.193297,0.369037,0.676928,1.192995,2.020096,3.286436,5.137012,7.714792,11.131738,15.432475,20.555649,26.306158,32.345345,38.211403,43.371521,47.297993,49.557541,49.889004,48.253460,44.841412,40.036835,34.345318,28.307623,22.416586,17.055302,12.467584,8.756506,5.908913,3.831033,2.386410,1.428270,0.821296,0.453750,0.240862,0.122839,0.060193,0.028338,0.012818,0.005571,0.002326,0.000933,0.000360,0.000133,0.000047,0.000016,0.000005,0.000002,0.000001,0.000000,0.000000,0.000000,0.000000,0.000000,0.000000,0.000000,0.000000,0.000000,0.000000,0.000000,0.000000,0.000000,0.000000,0.000000,0.000000,0.000000,0.000000,0.000000,0.000000,0.000000,0.000000,0.000000,0.000000,0.000000,0.000000,0.000000,0.000000,0.000000,0.000000,0.000000,0.000000,0.000000,0.000000,0.000000,0.000000,0.000000,0.000000,0.000000,0.000000,0.000000,0.000000,0.000000,0.000000,0.000000,0.000000,0.000000,0.000000,0.000000,0.000000,0.000000,0.000000,0.000000,0.000000,0.000000,0.000000,0.000000,0.000000,0.000000,0.000000,0.000000,0.000000,0.000000,0.000000,0.000000,0.000000,0.000000,0.000000,0.000000,0.000000,0.000000,0.000000,0.000000,0.000000,0.000000,0.000000,0.000000,0.000000,0.000000,0.000000,0.000000,0.000000,0.000000,0.000000,0.000000,0.000000,0.000000,0.000000,0.000000,0.000000,0.000000,0.000000,0.000000,0.000000,0.000000,0.000000,0.000000,0.000000,0.000000,0.000000,0.000000,0.000000,0.000000,0.000000,0.000000,0.000000,0.000000,0.000000,0.000000,0.000000,0.000000,0.000000,0.000000,0.000000,0.000000,0.000000,0.000000,0.000000,0.000000,0.000000,0.000000,0.000000,0.000000,0.000000,0.000000,0.000000,0.000000,0.000000,0.000000,0.000000,0.000000,0.000000,0.000000,0.000000,0.000000,0.000000,0.000000,0.000000,0.000000,0.000001,0.000002,0.000006,0.000017,0.000047,0.000130,0.000341,0.000862,0.002091,0.004876,0.010925,0.023518,0.048638,0.096647,0.184514,0.338460,0.596504,1.010038,1.643204,2.568465,3.857368,5.565906,7.716193,10.277772,13.152966,16.172615,19.105755,21.685719,23.648968,24.778744,24.944508,24.126705,22.420746,20.018469,17.172659,14.153870,11.208347,8.527699,6.233831,4.378253,2.954479,1.915534,1.193216,0.714142,0.410648,0.226878,0.120432,0.061420,0.030097,0.014169,0.006409,0.002785,0.001163,0.000467,0.000180,0.000067,0.000024,0.000008,0.000003,0.000001,0.000000,0.000000,0.000000,0.000000,0.000000,0.000000,0.000000,0.000000,0.000000,0.000000,0.000000,0.000000,0.000000,0.000000,0.000000,0.000000,0.000000,0.000000,0.000000,0.000000,0.000000,0.000000,0.000000,0.000000,0.000000,0.000000,0.000000,0.000000,0.000000,0.000000,0.000000,0.000000,0.000000,0.000000,0.000000,0.000000,0.000000,0.000000,0.000000,0.000000,0.000000,0.000000,0.000000,0.000000,0.000000,0.000000,0.000000,0.000000,0.000000,0.000000,0.000000,0.000000,0.000000,0.000000,0.000000,0.000000,0.000000,0.000000,0.000000,0.000000,0.000000,0.000000,0.000000,0.000000,0.000000,0.000000,0.000000,0.000000,0.000000,0.000000,0.000000,0.000000,0.000000,0.000000,0.000000,0.000000,0.000000,0.000000,0.000000,0.000000,0.000000,0.000000,0.000000,0.000000,0.000000,0.000000,0.000000,0.000000,0.000000,0.000000,0.000000,0.000000,0.000000,0.000000,0.000000,0.000000,0.000000,0.000000,0.000000,0.000000,0.000000,0.000000,0.000000,0.000000,0.000000,0.000000,0.000000,0.000000,0.000000,0.000000,0.000000,0.000000,0.000000,0.000000,0.000000,0.000000,0.000000,0.000000,0.000000,0.000000,0.000000,0.000000,0.000000,0.000000,0.000000,0.000000,0.000000,0.000000,0.000000,0.000000,0.000000,0.000000,0.000000,0.000000,0.000000,0.000000,0.000000,0.000000,0.000000,0.000000,0.000000,0.000000,0.000000,0.000000,0.000000,0.000000,0.000000,0.000000,0.000000,0.000000,0.000000,0.000000,0.000000,0.000000,0.000000,0.000000,0.000000,0.000000,0.000000,0.000000,0.000000,0.000000,0.000000,0.000000,0.000000,0.000000,0.000000,0.000000,0.000000,0.000000,0.000000,0.000000,0.000000,0.000000,0.000000,0.000000,0.000000,0.000000,0.000000,0.000000,0.000000,0.000000,0.000000,0.000000,0.000000,0.000000,0.000000,0.000000,0.000000,0.000000,0.000000,0.000000,0.000000,0.000000,0.000000,0.000000,0.000000,0.000000,0.000000,0.000000,0.000000,0.000000,0.000000,0.000000,0.000000,0.000000,0.000000,0.000000,0.000000,0.000000,0.000000,0.000000,0.000000,0.000000,0.000000,0.000000,0.000000,0.000000,0.000000,0.000000,0.000000,0.000000,0.000000,0.000000,0.000000,0.000000,0.000000,0.000000,0.000000,0.000000,0.000000,0.000000,0.000000,0.000000,0.000000,0.000000,0.000000,0.000000,0.000000,0.000000,0.000000,0.000000,0.000000,0.000000,0.000000,0.000000,0.000000,0.000000,0.000000,0.000000,0.000000,0.000000,0.000000,0.000000,0.000000,0.000000,0.000000,0.000000,0.000000,0.000000,0.000000,0.000000,0.000000,0.000000,0.000000,0.000000,0.000000,0.000000,0.000000,0.000000,0.000000,0.000000,0.000000,0.000000,0.000000,0.000000,0.000000,0.000000,0.000000,0.000000,0.000000,0.000000,0.000000,0.000000,0.000000,0.000000,0.000000,0.000000,0.000000,0.000000,0.000000,0.000000,0.000000,0.000000,0.000000,0.000000,0.000000,0.000000,0.000000,0.000000,0.000000,0.000000,0.000000

P1=[56.000,80.000,1.000],[65.333,100.000,1.000],[70.000,80.000,1.000]
P2=[56.000,60.000,1.000],[60.800,16.250,1.000],[63.933,18.750,1.000],[65.333,75.000,1.000],[70.000,60.000,1.000]
P3=[56.000,40.000,1.000],[60.800,32.500,1.000],[65.333,50.000,1.000],[69.600,25.000,1.000],[70.000,40.000,1.000]
P4=[56.000,20.000,1.000],[60.800,48.750,1.000],[63.933,6.250,1.000],[65.333,25.000,1.000],[69.600,37.500,1.000],[70.000,20.000,1.000],[71.200,7.500,1.000]
P5=[60.800,65.000,1.000],[69.600,50.000,1.000]
P6=[20.000,25.000,1.000],[56.000,60.000,1.000],[63.933,18.750,1.000],[65.333,75.000,1.000],[70.000,60.000,1.000]
P7=[20.000,12.500,1.000],[26.667,6.250,1.000],[56.000,30.000,1.000],[65.333,37.500,1.000],[70.000,30.000,1.000]
P8=[35.700,40.000,1.000]
P9=[20.000,25.000,1.000],[26.667,12.500,1.000],[60.800,48.750,1.000],[69.600,37.500,1.000],[71.200,7.500,1.000]
P10=[20.000,50.000,1.000],[26.667,25.000,1.000],[56.000,40.000,1.000],[65.333,50.000,1.000],[70.000,40.000,1.000]
P11=[20.000,37.500,1.000],[26.667,18.750,1.000],[35.700,20.000,1.000],[56.000,10.000,1.000],[63.933,3.125,1.000],[65.333,12.500,1.000],[70.000,10.000,1.000]
P12=[20.000,50.000,1.000],[26.667,25.000,1.000],[46.667,12.500,1.000],[60.800,32.500,1.000]
P13=[20.000,75.000,1.000],[26.667,37.500,1.000],[56.000,20.000,1.000],[65.333,25.000,1.000],[70.000,20.000,1.000]
P14=[20.000,75.000,1.000],[26.667,37.500,1.000],[46.667,18.750,1.000],[60.800,16.250,1.000],[69.600,12.500,1.000]
P15=[20.000,100.000,1.000],[26.667,50.000,1.000],[46.667,25.000,1.000]
